    8.25   5.60   1.84   1.79L 
   22.52    18.05    6.50   2.44 
    9.53   9.30   2.78   1.40 
   12.43    14.89    4.18   11.46L 
   6.14   5.55   1.24   1.59L 
   7.91   5.68   2.19   11.99L 
    3.49   2.46   0.57   1.00L 
    421.60   456.10   173.10   66.19 
    0.46   0.38    0.40L    1.15L 
   3.51   5.92   1.24   1.13L 
   4.53   2.22   0.95   0.87 
    2.28   1.83   0.64   10.45L 
  124.30   88.43    26.59    9.54 
    131.30   94.32    26.12    11.96 
  180.30   158.80   56.25   28.43L 
   3.78   2.53   0.65   1.00L 
    15.31    12.14    2.86   24.68L 
   101.00   96.24    34.52    13.46 
   7.85   5.48   1.58   8.34L 
   2.33   1.60   0.53   1.34L 
   48.25    9.55   1.77   1.69L 
    41.80    60.39    16.13   174.30L 
    189.10   115.50   30.86    10.89 
    22.13    15.65    10.90    58.88 
   2.85   2.45   0.79   12.41L 
  11.35    14.18    1.78   1.00L 
    5.32   10.96    5.65   2.09 
    5.92   3.59   1.10   1.55L 
   32.46    33.23    7.99   2.41 
    1.90   2.97   1.46   3.82 
   13.20    10.30    4.11   2.12 
    48.81    42.12    15.50    278.10L 
    19.86    17.80    7.10   189.80L 
    4.29   3.34   0.82   14.55L 
    8.05   9.67   4.49   43.34L 
    17.02    13.40    3.67   32.08L 
    10.76    8.77   3.69   5.41 
    97.52    54.49    13.42    6.04 
   17.59    11.38    2.95   46.76L 
    10.72    11.02    4.21   1.85L 
    3.00   2.64   1.03   1.56L 
   41.43    65.33    21.37    8.04 
    2.49   2.72   0.65L    24.46L 
    28.89    26.51    7.81   28.05L 
   0.31L    0.50   0.40L    2.10L 
   8.88   7.16   2.45   11.05L 
    17.52    18.01    5.38   2.84L 
    10.60    7.54   2.12   1.72L 
    12.35    5.69   1.29   7.25L 
   5.57   4.66   2.11   1.01L 