1 2014-07-07 100000219724444 1
2 2014-07-07 100000219724444 1
3 2014-07-07 100000219724444 1
4 2014-07-07 100000105510696 1
5 2014-07-07 100000391783167 1
6 2014-07-07 1408896231 6
7 2014-07-07 672051272 5
8 2014-07-07 672254309 14
9 2014-07-07 100002455003370 1
10 2014-07-07 100002455003370 1
11 2014-07-07 1722327529 15
12 2014-07-07 100002455003370 1
13 2014-07-07 100000260353148 1
14 2014-07-07 100000260353148 1
15 2014-07-07 100000447843576 1
16 2014-07-07 672051272 4
17 2014-07-07 672051272 8
18 2014-07-07 672254309 14
19 2014-07-07 672254309 14
20 2014-07-07 100000446565702 1
21 2014-07-07 1722327529 15
22 2014-07-07 1722327529 15
23 2014-07-07 100000446565702 1
24 2014-07-07 100000446565702 1
25 2014-07-07 1263279635 1
26 2014-07-07 100001672635283 6
27 2014-07-07 100000260353148 1
28 2014-07-07 100000035980820 14
29 2014-07-07 1614099855 14
30 2014-07-07 1614099855 14
31 2014-07-07 1614099855 14
32 2014-07-07 100001719084891 9
33 2014-07-07 100001719084891 9
34 2014-07-07 100001719084891 9
35 2014-07-07 100000973724089 9
36 2014-07-07 100000973724089 9
37 2014-07-07 100000973724089 9
38 2014-07-07 100005266537357 9
39 2014-07-07 100005266537357 9
40 2014-07-07 100005266537357 9
41 2014-07-07 100002211038712 9
42 2014-07-07 100002211038712 9
43 2014-07-07 100002211038712 9
44 2014-07-07 1515720440 14
45 2014-07-07 undefined 14
46 2014-07-07 undefined 12
47 2014-07-07 1468497733 14
48 2014-07-07 undefined 18
49 2014-07-07 100002631566319 1
50 2014-07-07 100002631566319 1
51 2014-07-07 100002631566319 1
52 2014-07-07 100001830574654 6
53 2014-07-07 100001830574654 13
54 2014-07-07 100006479858384 11
55 2014-07-07 1015840727 14
56 2014-07-07 100000196230167 6
57 2014-07-07 100000196230167 6
58 2014-07-07 100000196230167 6
59 2014-07-07 100002603335579 9
60 2014-07-07 100007087337063 2
61 2014-07-07 100002603335579 9
62 2014-07-07 100007087337063 3
63 2014-07-07 100002603335579 9
64 2014-07-07 100007087337063 21
65 2014-07-07 100000208712135 1
66 2014-07-07 100000208712135 9
67 2014-07-07 100000208712135 14
68 2014-07-07 100001659864157 11
69 2014-07-07 100001659864157 11
70 2014-07-07 100001659864157 11
71 2014-07-07 100000196922816 14
72 2014-07-07 100000196922816 14
73 2014-07-07 100006479858384 11
74 2014-07-07 100000196922816 14
75 2014-07-07 100000086802284 9
76 2014-07-07 100001428300867 7
77 2014-07-07 100001428300867 7
78 2014-07-07 100001428300867 7
79 2014-07-07 100000086802284 9
80 2014-07-07 100000086802284 9
81 2014-07-07 707001563 6
82 2014-07-07 100000302081780 7
83 2014-07-07 100000302081780 7
84 2014-07-07 100000302081780 7
85 2014-07-07 100000302081780 7
86 2014-07-07 100006795522775 14
87 2014-07-07 1408896231 6
88 2014-07-07 100000157343452 7
89 2014-07-07 100000157343452 7
90 2014-07-07 100000157343452 7
91 2014-07-07 100000242990623 6
92 2014-07-07 1408896231 6
93 2014-07-07 100007212693619 7
94 2014-07-07 100006235330461 9
95 2014-07-07 100006235330461 9
96 2014-07-07 100006235330461 9
97 2014-07-07 100000104005868 1
98 2014-07-07 100000104005868 1
99 2014-07-07 100000104005868 1
100 2014-07-07 100007212693619 7
101 2014-07-07 100007212693619 7
102 2014-07-07 854509280 16
103 2014-07-07 100002217127171 7
104 2014-07-07 100000184263169 8
105 2014-07-07 1013693294 9
106 2014-07-07 1013693294 9
107 2014-07-07 1013693294 9
108 2014-07-07 100000145320596 6
109 2014-07-07 1433406866 6
110 2014-07-07 100000145320596 6
111 2014-07-07 100000145320596 6
112 2014-07-07 854509280 16
113 2014-07-07 1433406866 6
114 2014-07-07 1433406866 6
115 2014-07-07 707001563 6
116 2014-07-07 707001563 6
117 2014-07-07 1105515459 16
118 2014-07-07 1105515459 16
119 2014-07-07 1105515459 16
120 2014-07-07 100000226166913 6
121 2014-07-07 100000226166913 6
122 2014-07-07 100000226166913 6
123 2014-07-07 854509280 16
124 2014-07-07 100005482869037 15
125 2014-07-07 100003946153451 15
126 2014-07-07 100003946153451 15
127 2014-07-07 100000417296479 9
128 2014-07-07 100000417296479 9
129 2014-07-07 100000417296479 9
130 2014-07-07 100002578549593 15
131 2014-07-07 100003946153451 15
132 2014-07-07 862345392 14
133 2014-07-07 100000218718958 1
134 2014-07-07 100000218718958 1
135 2014-07-07 100006028518005 6
136 2014-07-07 100006028518005 6
137 2014-07-07 100006028518005 6
138 2014-07-07 696324312 7
139 2014-07-07 696324312 7
140 2014-07-07 696324312 7
141 2014-07-07 100000551411085 2
142 2014-07-07 716746909 16
143 2014-07-07 716746909 16
144 2014-07-07 716746909 16
145 2014-07-07 100000119569725 6
146 2014-07-07 100000119569725 6
147 2014-07-07 100000119569725 6
148 2014-07-07 100000001965889 8
149 2014-07-07 100000001965889 8
150 2014-07-07 100000001965889 8
151 2014-07-07 100001351812466 6
152 2014-07-07 100001351812466 6
153 2014-07-07 100001351812466 6
154 2014-07-07 100000300160333 16
155 2014-07-07 100008275117684 8
156 2014-07-07 100008275117684 10
157 2014-07-07 100008275117684 7
158 2014-07-07 100001196007209 16
159 2014-07-07 100001196007209 16
160 2014-07-07 100001196007209 16
161 2014-07-07 100006295541366 15
162 2014-07-07 100000133908528 6
163 2014-07-07 602356391 20
164 2014-07-07 100001901521775 6
165 2014-07-07 100003279523187 6
166 2014-07-07 100001661120261 16
167 2014-07-07 100003279523187 6
168 2014-07-07 100003279523187 6
169 2014-07-07 100001661120261 16
170 2014-07-07 100001661120261 16
171 2014-07-07 100000184263169 8
172 2014-07-07 602356391 20
173 2014-07-07 1557025413 16
174 2014-07-07 100001901521775 6
175 2014-07-07 100001901521775 6
176 2014-07-07 1557025413 16
177 2014-07-07 1557025413 16
178 2014-07-07 100006130800099 9
179 2014-07-07 100006130800099 9
180 2014-07-07 100006130800099 9
181 2014-07-07 100000166433970 16
182 2014-07-07 100000166433970 16
183 2014-07-07 100000166433970 16
184 2014-07-07 100001548133438 15
185 2014-07-07 100001637774201 6
186 2014-07-07 100001637774201 6
187 2014-07-07 100001637774201 6
188 2014-07-07 100000894817977 3
189 2014-07-07 100000894817977 6
190 2014-07-07 1555153099 16
191 2014-07-07 100000894817977 8
192 2014-07-07 100003234366150 15
193 2014-07-07 100008382787018 16
194 2014-07-07 100008382787018 16
195 2014-07-07 100008382787018 16
196 2014-07-07 100001007954067 6
197 2014-07-07 100001007954067 6
198 2014-07-07 100001007954067 6
199 2014-07-07 1843611559 9
200 2014-07-07 1843611559 9
201 2014-07-07 1741591409 6
202 2014-07-07 1741591409 6
203 2014-07-07 1741591409 6
204 2014-07-07 1008469548 16
205 2014-07-07 1008469548 16
206 2014-07-07 1008469548 16
207 2014-07-07 522791275 15
208 2014-07-07 522791275 15
209 2014-07-07 522791275 15
210 2014-07-07 100000298441979 1
211 2014-07-07 100000298441979 1
212 2014-07-07 100000298441979 1
213 2014-07-07 1753194276 16
214 2014-07-07 1753194276 16
215 2014-07-07 1753194276 16
216 2014-07-07 100000350884967 9
217 2014-07-07 100000350884967 9
218 2014-07-07 100000350884967 9
219 2014-07-07 100000501916131 1
220 2014-07-07 100000501916131 1
221 2014-07-07 100000501916131 1
222 2014-07-07 100000674744746 6
223 2014-07-07 100000674744746 6
224 2014-07-07 100000674744746 6
225 2014-07-07 100004944456400 16
226 2014-07-07 100004944456400 16
227 2014-07-07 100004944456400 16
228 2014-07-07 100000675168087 14
229 2014-07-07 100000675168087 17
230 2014-07-07 100000675168087 17
231 2014-07-07 100000357468731 1
232 2014-07-07 1128631088 9
233 2014-07-07 1128631088 9
234 2014-07-07 1128631088 9
235 2014-07-07 100002086033542 6
236 2014-07-07 100002086033542 6
237 2014-07-07 100002086033542 6
238 2014-07-07 100000219135292 1
239 2014-07-07 100000361301941 6
240 2014-07-07 100000076580081 6
241 2014-07-07 100000076580081 6
242 2014-07-07 100000076580081 6
243 2014-07-07 100000712834397 17
244 2014-07-07 100000375866163 6
245 2014-07-07 100000375866163 6
246 2014-07-07 100000361301941 6
247 2014-07-07 100000375866163 6
248 2014-07-07 100000361301941 6
249 2014-07-07 701264405 12
250 2014-07-07 701264405 9
251 2014-07-07 701264405 9
252 2014-07-07 100000126423195 17
253 2014-07-07 100000205700416 1
254 2014-07-07 100000205700416 1
255 2014-07-07 100000205700416 1
256 2014-07-07 1839027837 16
257 2014-07-07 1839027837 16
258 2014-07-07 1839027837 16
259 2014-07-07 100000126423195 3
260 2014-07-07 100000126423195 17
261 2014-07-07 100002114975464 6
262 2014-07-07 100002114975464 6
263 2014-07-07 100002114975464 6
264 2014-07-07 100000057417639 14
265 2014-07-07 100000057417639 14
266 2014-07-07 100000057417639 14
267 2014-07-07 1118895572 16
268 2014-07-07 1118895572 16
269 2014-07-07 1118895572 16
270 2014-07-07 100002428788759 16
271 2014-07-07 100002428788759 16
272 2014-07-07 100002428788759 16
273 2014-07-07 515125027 16
274 2014-07-07 100002566196366 16
275 2014-07-07 100002566196366 16
276 2014-07-07 100002566196366 16
277 2014-07-07 728892627 16
278 2014-07-07 728892627 16
279 2014-07-07 728892627 16
280 2014-07-07 100000858631083 6
281 2014-07-07 100000858631083 6
282 2014-07-07 100000858631083 6
283 2014-07-07 100001235525129 7
284 2014-07-07 100001235525129 7
285 2014-07-07 100001235525129 7
286 2014-07-07 100000401616148 16
287 2014-07-07 100000511276308 16
288 2014-07-07 100000511276308 16
289 2014-07-07 100000511276308 16
290 2014-07-07 100001868925146 6
291 2014-07-07 100001868925146 6
292 2014-07-07 100001868925146 6
293 2014-07-07 100000401616148 16
294 2014-07-07 100000401616148 16
295 2014-07-07 100000498256969 16
296 2014-07-07 100000498256969 16
297 2014-07-07 100008323625653 15
298 2014-07-07 100000498256969 16
299 2014-07-07 100008323625653 15
300 2014-07-07 100008323625653 15
301 2014-07-07 100000901903626 16
302 2014-07-07 100000901903626 6
303 2014-07-07 100000901903626 14
304 2014-07-07 100004169583614 1
305 2014-07-07 100004169583614 1
306 2014-07-07 100004169583614 1
307 2014-07-07 100000211668602 2
308 2014-07-07 100000211668602 2
309 2014-07-07 676633099 1
310 2014-07-07 100000211668602 14
311 2014-07-07 100000218676726 15
312 2014-07-07 100000218676726 15
313 2014-07-07 100000922175344 6
314 2014-07-07 100000922175344 6
315 2014-07-07 100000922175344 6
316 2014-07-07 100000658811625 6
317 2014-07-07 100000658811625 6
318 2014-07-07 100000658811625 6
319 2014-07-07 100002248370428 6
320 2014-07-07 100002248370428 6
321 2014-07-07 100002248370428 6
322 2014-07-07 636001565 17
323 2014-07-07 1155401527 17
324 2014-07-07 1155401527 17
325 2014-07-07 1155401527 17
326 2014-07-07 100004596398323 2
327 2014-07-07 100001228838676 16
328 2014-07-07 100001228838676 9
329 2014-07-07 1693252848 6
330 2014-07-07 100001228838676 17
331 2014-07-07 1693252848 9
332 2014-07-07 1693252848 12
333 2014-07-07 100000493006998 16
334 2014-07-07 100000493006998 16
335 2014-07-07 100000493006998 16
336 2014-07-07 1756358793 13
337 2014-07-07 710185482 2
338 2014-07-07 1756358793 13
339 2014-07-07 1338255221 2
340 2014-07-07 1605248623 2
341 2014-07-07 710185482 2
342 2014-07-07 710185482 2
343 2014-07-07 1338255221 2
344 2014-07-07 1338255221 2
345 2014-07-07 1726279373 17
346 2014-07-07 100000896046750 13
347 2014-07-07 100000551411085 2
348 2014-07-07 100000551411085 2
349 2014-07-07 100001051314601 16
350 2014-07-07 1822186102 13
351 2014-07-07 100001051314601 16
352 2014-07-07 734771784 2
353 2014-07-07 734771784 2
354 2014-07-07 734771784 2
355 2014-07-07 100001051314601 16
356 2014-07-07 872705103 2
357 2014-07-07 872705103 2
358 2014-07-07 872705103 2
359 2014-07-07 1586770895 16
360 2014-07-07 100000078348349 13
361 2014-07-07 1586770895 16
362 2014-07-07 1586770895 16
363 2014-07-07 1524964752 2
364 2014-07-07 1524964752 2
365 2014-07-07 1524964752 2
366 2014-07-07 100001014973862 6
367 2014-07-07 100001014973862 6
368 2014-07-07 100001014973862 6
369 2014-07-07 100002645949289 2
370 2014-07-07 100002645949289 2
371 2014-07-07 100002645949289 2
372 2014-07-07 100000296615653 6
373 2014-07-07 1814259533 21
374 2014-07-07 100000296615653 6
375 2014-07-07 1814259533 21
376 2014-07-07 100000296615653 6
377 2014-07-07 1814259533 21
378 2014-07-07 100000161652586 16
379 2014-07-07 100000161652586 16
380 2014-07-07 100000161652586 16
381 2014-07-07 100004596398323 2
382 2014-07-07 100004596398323 2
383 2014-07-07 100000012253081 1
384 2014-07-07 100000012253081 1
385 2014-07-07 100000012253081 1
386 2014-07-07 100000130327472 13
387 2014-07-07 100001641074859 9
388 2014-07-07 100001641074859 9
389 2014-07-07 100001641074859 9
390 2014-07-07 100003113665639 16
391 2014-07-07 100003113665639 16
392 2014-07-07 100003113665639 16
393 2014-07-07 100000150880689 1
394 2014-07-07 100000150880689 1
395 2014-07-07 100000150880689 1
396 2014-07-07 780074227 8
397 2014-07-07 811010367 14
398 2014-07-07 811010367 14
399 2014-07-07 811010367 14
400 2014-07-07 1164935888 16
401 2014-07-07 100000550925852 16
402 2014-07-07 100000550925852 16
403 2014-07-07 100000197847015 8
404 2014-07-07 100000197847015 8
405 2014-07-07 100000197847015 8
406 2014-07-07 1640395305 4
407 2014-07-07 1640395305 4
408 2014-07-07 1640395305 4
409 2014-07-07 1640395305 4
410 2014-07-07 540712454 8
411 2014-07-07 540712454 8
412 2014-07-07 540712454 8
413 2014-07-07 100000357302729 16
414 2014-07-07 817319745 14
415 2014-07-07 817319745 14
416 2014-07-07 684664039 16
417 2014-07-07 100002399724881 16
418 2014-07-07 100002399724881 16
419 2014-07-07 100002399724881 16
420 2014-07-07 100000123404145 17
421 2014-07-07 100000123404145 17
422 2014-07-07 100000123404145 17
423 2014-07-07 100003525636385 6
424 2014-07-07 100003525636385 6
425 2014-07-07 100003525636385 6
426 2014-07-07 100000263052536 16
427 2014-07-07 100000263052536 16
428 2014-07-07 100000263052536 16
429 2014-07-07 100000181638737 17
430 2014-07-07 100000737902676 16
431 2014-07-07 100000712834397 17
432 2014-07-07 1289421524 13
433 2014-07-07 100000570469936 3
434 2014-07-07 100000570469936 3
435 2014-07-07 100000147349353 4
436 2014-07-07 100000147349353 4
437 2014-07-07 100000147349353 4
438 2014-07-07 1135337113 3
439 2014-07-07 1645147231 3
440 2014-07-07 100000211404151 3
441 2014-07-07 1135337113 3
442 2014-07-07 100000211404151 3
443 2014-07-07 100000211404151 3
444 2014-07-07 100003514846554 3
445 2014-07-07 100002033169171 3
446 2014-07-07 100002033169171 3
447 2014-07-07 100000093525828 4
448 2014-07-07 100000093525828 4
449 2014-07-07 1343948576 3
450 2014-07-07 1456256458 3
451 2014-07-07 100002827733036 16
452 2014-07-07 100002827733036 16
453 2014-07-07 100002827733036 16
454 2014-07-07 100000161335745 3
455 2014-07-07 1056218303 6
456 2014-07-07 1056218303 6
457 2014-07-07 1672633401 4
458 2014-07-07 1672633401 4
459 2014-07-07 1093616182 3
460 2014-07-07 1672633401 4
461 2014-07-07 1456256458 3
462 2014-07-07 100002527608045 16
463 2014-07-07 100002527608045 16
464 2014-07-07 100002527608045 16
465 2014-07-07 100001316807350 4
466 2014-07-07 100001290596358 4
467 2014-07-07 100000190456646 6
468 2014-07-07 100000190456646 6
469 2014-07-07 100000190456646 6
470 2014-07-07 100000957713167 17
471 2014-07-07 100000502693867 4
472 2014-07-07 100000957713167 17
473 2014-07-07 100000502693867 4
474 2014-07-07 1657727386 3
475 2014-07-07 100000502693867 4
476 2014-07-07 100000957713167 17
477 2014-07-07 100001240472289 6
478 2014-07-07 100000108106715 3
479 2014-07-07 1406662505 17
480 2014-07-07 1406662505 17
481 2014-07-07 1406662505 17
482 2014-07-07 100002982900140 6
483 2014-07-07 100002982900140 6
484 2014-07-07 100002982900140 6
485 2014-07-07 100003705465993 4
486 2014-07-07 100003705465993 4
487 2014-07-07 100003705465993 4
488 2014-07-07 100000251953935 6
489 2014-07-07 100000221591898 8
490 2014-07-07 100000537690552 6
491 2014-07-07 100000221591898 8
492 2014-07-07 100000221591898 8
493 2014-07-07 100000317259031 6
494 2014-07-07 100000317259031 6
495 2014-07-07 100000317259031 6
496 2014-07-07 100000154622249 3
497 2014-07-07 100000315037196 3
498 2014-07-07 100000315037196 3
499 2014-07-07 100000166987989 13
500 2014-07-07 100000361956695 3
501 2014-07-07 100000121670972 6
502 2014-07-07 100000326371035 6
503 2014-07-07 100000121670972 6
504 2014-07-07 100000121670972 6
505 2014-07-08 854509280 16
506 2014-07-08 854509280 16
507 2014-07-08 854509280 16
508 2014-07-08 100000630392991 4
509 2014-07-08 100000630392991 4
510 2014-07-08 100000630392991 4
511 2014-07-08 100005745158796 3
512 2014-07-08 100000228586238 3
513 2014-07-08 100000121670972 6
514 2014-07-08 100001196007209 16
515 2014-07-08 100000121670972 6
516 2014-07-08 100000121670972 6
517 2014-07-08 100001196007209 16
518 2014-07-08 100001196007209 16
519 2014-07-08 716746909 16
520 2014-07-08 100003652846621 8
521 2014-07-08 716746909 16
522 2014-07-08 716746909 16
523 2014-07-08 100000401616148 16
524 2014-07-08 100000401616148 16
525 2014-07-08 1722327529 15
526 2014-07-08 100000401616148 16
527 2014-07-08 1722327529 15
528 2014-07-08 1722327529 15
529 2014-07-08 1408896231 6
530 2014-07-08 1408896231 6
531 2014-07-08 1408896231 6
532 2014-07-08 100001463215686 3
533 2014-07-08 100001463215686 3
534 2014-07-08 100000143854499 14
535 2014-07-08 100001177640547 6
536 2014-07-08 100000190456646 6
537 2014-07-08 100000190456646 6
538 2014-07-08 100000190456646 6
539 2014-07-08 707001563 6
540 2014-07-08 707001563 6
541 2014-07-08 707001563 6
542 2014-07-08 672254309 14
543 2014-07-08 672254309 14
544 2014-07-08 672254309 14
545 2014-07-08 100000076580081 6
546 2014-07-08 100000076580081 6
547 2014-07-08 100000076580081 6
548 2014-07-08 100000114014327 6
549 2014-07-08 100000114014327 6
550 2014-07-08 100002407777399 8
551 2014-07-08 100002407777399 12
552 2014-07-08 100002407777399 8
553 2014-07-08 100000415627377 16
554 2014-07-08 1127222022 6
555 2014-07-08 1127222022 6
556 2014-07-08 1127222022 6
557 2014-07-08 100000196230167 6
558 2014-07-08 100000196230167 6
559 2014-07-08 100000273813611 6
560 2014-07-08 100000196230167 6
561 2014-07-08 100000218718958 1
562 2014-07-08 1610040771 16
563 2014-07-08 1610040771 16
564 2014-07-08 1610040771 16
565 2014-07-08 100006028518005 6
566 2014-07-08 100006028518005 6
567 2014-07-08 100006028518005 6
568 2014-07-08 100000502693867 4
569 2014-07-08 100000502693867 4
570 2014-07-08 100000502693867 4
571 2014-07-08 1640395305 4
572 2014-07-08 1640395305 4
573 2014-07-08 1640395305 4
574 2014-07-08 100002341089143 6
575 2014-07-08 100002341089143 6
576 2014-07-08 100000147349353 4
577 2014-07-08 100000147349353 4
578 2014-07-08 100000147349353 4
579 2014-07-08 100001131747712 6
580 2014-07-08 100000184598193 3
581 2014-07-08 100000184598193 3
582 2014-07-08 100000184598193 3
583 2014-07-08 100000074967446 6
584 2014-07-08 100000074967446 6
585 2014-07-08 100000074967446 6
586 2014-07-08 100000211846949 6
587 2014-07-08 100001440655232 6
588 2014-07-08 100001440655232 6
589 2014-07-08 100001440655232 6
590 2014-07-08 100006171182187 4
591 2014-07-08 100006171182187 4
592 2014-07-08 100006171182187 4
593 2014-07-08 100005084650421 4
594 2014-07-08 100005084650421 4
595 2014-07-08 100000793749004 4
596 2014-07-08 100000057606543 4
597 2014-07-08 100000057606543 4
598 2014-07-08 100000057606543 4
599 2014-07-08 1819089661 16
600 2014-07-08 100000249219960 4
601 2014-07-08 100000178807917 6
602 2014-07-08 100000178807917 6
603 2014-07-08 100000178807917 6
604 2014-07-08 100000159971197 6
605 2014-07-08 100000159971197 6
606 2014-07-08 100000159971197 6
607 2014-07-08 100002282710295 15
608 2014-07-08 100002282710295 14
609 2014-07-08 100000218718958 1
610 2014-07-08 100002282710295 14
611 2014-07-08 100001585306137 3
612 2014-07-08 100001585306137 3
613 2014-07-08 100001585306137 3
614 2014-07-08 568790145 3
615 2014-07-08 100000286645840 3
616 2014-07-08 100000286645840 3
617 2014-07-08 100000286645840 3
618 2014-07-08 100000218702885 17
619 2014-07-08 1135337113 3
620 2014-07-08 1135337113 3
621 2014-07-08 1135337113 3
622 2014-07-08 100000196558274 3
623 2014-07-08 100001637774201 6
624 2014-07-08 100001637774201 6
625 2014-07-08 100001637774201 6
626 2014-07-08 100000021218280 3
627 2014-07-08 100000021218280 10
628 2014-07-08 100000021218280 18
629 2014-07-08 744285036 8
630 2014-07-08 100004596398323 2
631 2014-07-08 100004596398323 2
632 2014-07-08 100004596398323 2
633 2014-07-08 609764053 4
634 2014-07-08 609764053 4
635 2014-07-08 609764053 4
636 2014-07-08 100004733673229 16
637 2014-07-08 100000737902676 16
638 2014-07-08 100001619390122 8
639 2014-07-08 100001619390122 8
640 2014-07-08 100002033169171 3
641 2014-07-08 100000321432836 6
642 2014-07-08 100000321432836 6
643 2014-07-08 100000321432836 6
644 2014-07-08 100000007015502 3
645 2014-07-08 100000116952680 17
646 2014-07-08 100000007015502 3
647 2014-07-08 100000007015502 3
648 2014-07-08 100000241597335 3
649 2014-07-08 1122701649 3
650 2014-07-08 1122701649 3
651 2014-07-08 1830260990 14
652 2014-07-08 1830260990 14
653 2014-07-08 1830260990 14
654 2014-07-08 100004944456400 16
655 2014-07-08 100004944456400 16
656 2014-07-08 100004944456400 16
657 2014-07-08 100000737902676 16
658 2014-07-08 100000197608654 2
659 2014-07-08 100001966356152 14
660 2014-07-08 100001966356152 14
661 2014-07-08 100001966356152 14
662 2014-07-08 100000133908528 6
663 2014-07-08 100000133908528 6
664 2014-07-08 100000133908528 6
665 2014-07-08 100006479858384 11
666 2014-07-08 100006235330461 9
667 2014-07-08 100006235330461 9
668 2014-07-08 100006235330461 9
669 2014-07-08 100005266537357 9
670 2014-07-08 100005266537357 9
671 2014-07-08 100005266537357 9
672 2014-07-08 100002603335579 9
673 2014-07-08 100002603335579 9
674 2014-07-08 100002603335579 9
675 2014-07-08 100002211038712 9
676 2014-07-08 100002211038712 9
677 2014-07-08 100002211038712 9
678 2014-07-08 100001719084891 9
679 2014-07-08 100001719084891 9
680 2014-07-08 100001719084891 9
681 2014-07-08 100000973724089 9
682 2014-07-08 100000973724089 9
683 2014-07-08 100000973724089 9
684 2014-07-08 100002988511189 9
685 2014-07-08 100002988511189 9
686 2014-07-08 100002988511189 9
687 2014-07-08 100002248370428 6
688 2014-07-08 100002248370428 6
689 2014-07-08 100002248370428 6
690 2014-07-08 100003093132580 16
691 2014-07-08 100003093132580 16
692 2014-07-08 100003093132580 16
693 2014-07-08 100002761249080 16
694 2014-07-08 100002761249080 16
695 2014-07-08 100002761249080 16
696 2014-07-08 100003453250452 3
697 2014-07-08 1843611559 9
698 2014-07-08 100001637573442 6
699 2014-07-08 100002674446411 9
700 2014-07-08 100002674446411 9
701 2014-07-08 100002674446411 9
702 2014-07-08 100004190049704 6
703 2014-07-08 100004190049704 6
704 2014-07-08 100004190049704 6
705 2014-07-08 100003759868873 14
706 2014-07-08 100003759868873 14
707 2014-07-08 100003759868873 14
708 2014-07-08 100000247625395 4
709 2014-07-08 100000247625395 4
710 2014-07-08 100000247625395 4
711 2014-07-08 100000686245485 17
712 2014-07-08 100000686245485 17
713 2014-07-08 100000686245485 17
714 2014-07-08 100000032381948 16
715 2014-07-08 100000086802284 9
716 2014-07-08 100000086802284 9
717 2014-07-08 100000086802284 9
718 2014-07-08 1338255221 2
719 2014-07-08 1338255221 2
720 2014-07-08 1338255221 2
721 2014-07-08 100000417296479 9
722 2014-07-08 100000417296479 9
723 2014-07-08 100000417296479 9
724 2014-07-08 100003946153451 15
725 2014-07-08 100003946153451 15
726 2014-07-08 100003946153451 15
727 2014-07-08 100000712834397 17
728 2014-07-08 100000204963180 3
729 2014-07-08 1561557671 17
730 2014-07-08 100003946060269 15
731 2014-07-08 696324312 7
732 2014-07-08 696324312 7
733 2014-07-08 100000361301941 6
734 2014-07-08 696324312 7
735 2014-07-08 100000361301941 6
736 2014-07-08 100000361301941 6
737 2014-07-08 100002829819393 17
738 2014-07-08 100002829819393 17
739 2014-07-08 100002829819393 17
740 2014-07-08 100002859413697 17
741 2014-07-08 100002827733036 16
742 2014-07-08 100002859413697 17
743 2014-07-08 100002859413697 17
744 2014-07-08 100002827733036 16
745 2014-07-08 100002827733036 16
746 2014-07-08 100000218718958 1
747 2014-07-08 1456256458 3
748 2014-07-08 1456256458 3
749 2014-07-08 1456256458 3
750 2014-07-08 100000219724444 1
751 2014-07-08 100000219724444 1
752 2014-07-08 100000219724444 1
753 2014-07-08 100000391783167 1
754 2014-07-08 862345392 14
755 2014-07-08 862345392 14
756 2014-07-08 862345392 14
757 2014-07-08 100000851152114 17
758 2014-07-08 100000851152114 17
759 2014-07-08 100000851152114 17
760 2014-07-08 100000001965889 8
761 2014-07-08 100000001965889 8
762 2014-07-08 100000001965889 8
763 2014-07-08 622853430 14
764 2014-07-08 622853430 14
765 2014-07-08 622853430 14
766 2014-07-08 672051272 5
767 2014-07-08 672051272 19
768 2014-07-08 672051272 6
769 2014-07-08 540712454 8
770 2014-07-08 540712454 8
771 2014-07-08 540712454 8
772 2014-07-08 100000339871063 3
773 2014-07-08 100000189584404 17
774 2014-07-08 100000260353148 1
775 2014-07-08 100000260353148 1
776 2014-07-08 100000260353148 1
777 2014-07-08 100000420722425 17
778 2014-07-08 100003207116066 17
779 2014-07-08 100000084463353 17
780 2014-07-08 100000420722425 17
781 2014-07-08 100000084463353 17
782 2014-07-08 100000420722425 17
783 2014-07-08 100000084463353 17
784 2014-07-08 100003207116066 17
785 2014-07-08 100003207116066 17
786 2014-07-08 1843611559 9
787 2014-07-08 1843611559 9
788 2014-07-08 100000675168087 17
789 2014-07-08 100000675168087 17
790 2014-07-08 100000675168087 17
791 2014-07-08 100000130481943 1
792 2014-07-08 100000350884967 9
793 2014-07-08 100000130481943 1
794 2014-07-08 100000130481943 1
795 2014-07-08 100000350884967 9
796 2014-07-08 100000350884967 9
797 2014-07-08 100001235525129 7
798 2014-07-08 100001235525129 7
799 2014-07-08 100001235525129 7
800 2014-07-08 100000299886515 9
801 2014-07-08 100000299886515 9
802 2014-07-08 100000299886515 9
803 2014-07-08 100000169876321 17
804 2014-07-08 100000298441979 1
805 2014-07-08 100000298441979 1
806 2014-07-08 100000298441979 1
807 2014-07-08 811010367 14
808 2014-07-08 811010367 14
809 2014-07-08 811010367 14
810 2014-07-08 100001428300867 7
811 2014-07-08 100001428300867 7
812 2014-07-08 100001428300867 7
813 2014-07-08 100000731480646 9
814 2014-07-08 100002580523744 16
815 2014-07-08 100000731480646 9
816 2014-07-08 100000731480646 9
817 2014-07-08 100002580523744 16
818 2014-07-08 1393631384 17
819 2014-07-08 100002580523744 16
820 2014-07-08 100002013347864 17
821 2014-07-08 100000424455761 9
822 2014-07-08 100000424455761 9
823 2014-07-08 100000424455761 9
824 2014-07-08 100002013347864 17
825 2014-07-08 100002013347864 17
826 2014-07-08 100000327882180 17
827 2014-07-08 100000327882180 17
828 2014-07-08 100000327882180 17
829 2014-07-08 100001918689527 1
830 2014-07-08 100005745158796 3
831 2014-07-08 100005745158796 3
832 2014-07-08 675517349 16
833 2014-07-08 100000375965607 1
834 2014-07-08 100000375965607 1
835 2014-07-08 100000375965607 1
836 2014-07-08 1614099855 14
837 2014-07-08 1614099855 14
838 2014-07-08 1614099855 14
839 2014-07-08 100002631566319 1
840 2014-07-08 100002631566319 1
841 2014-07-08 100002631566319 1
842 2014-07-08 1393631384 17
843 2014-07-08 1070300833 9
844 2014-07-08 1070300833 9
845 2014-07-08 1070300833 9
846 2014-07-08 100000051559548 9
847 2014-07-08 100000051559548 9
848 2014-07-08 100000051559548 9
849 2014-07-08 1072146432 9
850 2014-07-08 100002455003370 1
851 2014-07-08 100002455003370 1
852 2014-07-08 100002455003370 1
853 2014-07-08 100006006972498 9
854 2014-07-08 100006006972498 9
855 2014-07-08 100006006972498 9
856 2014-07-08 642737901 2
857 2014-07-08 100000220440243 14
858 2014-07-08 100000220440243 14
859 2014-07-08 100000220440243 14
860 2014-07-08 100000220440243 14
861 2014-07-08 100000362116316 2
862 2014-07-08 100000282784888 2
863 2014-07-08 100000282784888 2
864 2014-07-08 1605248623 2
865 2014-07-08 1605248623 2
866 2014-07-08 1605248623 2
867 2014-07-08 100000362116316 2
868 2014-07-08 100000362116316 2
869 2014-07-08 100000282784888 2
870 2014-07-08 807893679 17
871 2014-07-08 807893679 17
872 2014-07-08 100000102741358 9
873 2014-07-08 100000102741358 9
874 2014-07-08 100000102741358 9
875 2014-07-08 1648110390 2
876 2014-07-08 1648110390 2
877 2014-07-08 1648110390 2
878 2014-07-08 100001865549087 9
879 2014-07-08 100000548052707 2
880 2014-07-08 100000548052707 2
881 2014-07-08 100000548052707 2
882 2014-07-08 100000205700416 1
883 2014-07-08 100000205700416 1
884 2014-07-08 100000205700416 1
885 2014-07-08 100000338594385 6
886 2014-07-08 100000338594385 6
887 2014-07-08 100000338594385 6
888 2014-07-08 1497356301 2
889 2014-07-08 1497356301 2
890 2014-07-08 1497356301 2
891 2014-07-08 100000350326456 4
892 2014-07-08 100000459740742 17
893 2014-07-08 100000192868267 2
894 2014-07-08 100000192868267 2
895 2014-07-08 100000157343452 7
896 2014-07-08 100000157343452 7
897 2014-07-08 100000157343452 7
898 2014-07-08 100000656692288 9
899 2014-07-08 100000656692288 9
900 2014-07-08 100000656692288 9
901 2014-07-08 100004078127376 20
902 2014-07-08 602356391 20
903 2014-07-08 602356391 20
904 2014-07-08 602356391 20
905 2014-07-08 100000006075940 20
906 2014-07-08 100000006075940 19
907 2014-07-08 100000006075940 20
908 2014-07-08 1788374253 20
909 2014-07-08 1788374253 20
910 2014-07-08 100000045189144 20
911 2014-07-08 1788374253 20
912 2014-07-08 100000476854163 3
913 2014-07-08 616997938 20
914 2014-07-08 1595787643 16
915 2014-07-08 1595787643 16
916 2014-07-08 1595787643 16
917 2014-07-08 100000298573633 20
918 2014-07-08 1309103944 20
919 2014-07-08 1309103944 20
920 2014-07-08 1309103944 20
921 2014-07-08 100000025173406 18
922 2014-07-08 100000025173406 18
923 2014-07-08 100000025173406 18
924 2014-07-08 100000233795627 20
925 2014-07-08 100000233795627 20
926 2014-07-08 100000233795627 20
927 2014-07-08 100000294780004 20
928 2014-07-08 100000294780004 20
929 2014-07-08 100000294780004 20
930 2014-07-08 1406255851 2
931 2014-07-08 1406255851 20
932 2014-07-08 1406255851 20
933 2014-07-08 100000881323684 9
934 2014-07-08 100001052057428 9
935 2014-07-08 100001052057428 9
936 2014-07-08 100001052057428 9
937 2014-07-08 100000995008940 9
938 2014-07-08 100000995008940 9
939 2014-07-08 100000995008940 9
940 2014-07-08 1716980218 5
941 2014-07-08 100000213898191 20
942 2014-07-08 100000213898191 20
943 2014-07-08 100000213898191 20
944 2014-07-08 625511212 20
945 2014-07-08 100000208869413 1
946 2014-07-08 100000208869413 1
947 2014-07-08 100000208869413 1
948 2014-07-08 100001601171346 20
949 2014-07-08 625038461 2
950 2014-07-08 625038461 2
951 2014-07-08 625038461 2
952 2014-07-08 1449153278 16
953 2014-07-08 100001611135023 4
954 2014-07-08 100000922175344 6
955 2014-07-08 100000922175344 6
956 2014-07-08 100000922175344 6
957 2014-07-08 100000108106715 3
958 2014-07-08 100000108106715 14
959 2014-07-08 100002362154184 4
960 2014-07-08 100002362154184 4
961 2014-07-08 100002362154184 4
962 2014-07-08 100001438725635 15
963 2014-07-08 745969000 14
964 2014-07-08 100001438725635 15
965 2014-07-08 100001438725635 15
966 2014-07-08 100003178385553 17
967 2014-07-08 100003178385553 17
968 2014-07-08 100003178385553 17
969 2014-07-08 100006051035585 4
970 2014-07-08 100006051035585 4
971 2014-07-08 100006051035585 4
972 2014-07-08 100004164498094 17
973 2014-07-08 100004164498094 17
974 2014-07-08 100004164498094 17
975 2014-07-08 100005751167690 9
976 2014-07-08 100005751167690 9
977 2014-07-08 100005751167690 9
978 2014-07-08 634025463 16
979 2014-07-08 634025463 16
980 2014-07-08 634025463 16
981 2014-07-08 100000446565702 1
982 2014-07-08 100000446565702 1
983 2014-07-08 100000446565702 1
984 2014-07-08 100001675635842 17
985 2014-07-08 100000533756118 9
986 2014-07-08 100000533756118 9
987 2014-07-08 100000349594187 6
988 2014-07-08 100000533756118 9
989 2014-07-08 100000349594187 6
990 2014-07-08 100000349594187 6
991 2014-07-08 undefined 1
992 2014-07-08 undefined 1
993 2014-07-08 undefined 1
994 2014-07-08 100000375866163 6
995 2014-07-08 100000375866163 6
996 2014-07-08 100000375866163 6
997 2014-07-08 100003281035118 16
998 2014-07-08 100003281035118 16
999 2014-07-08 100003281035118 16
1000 2014-07-08 100002572327681 1
1001 2014-07-08 100002572327681 1
1002 2014-07-08 100002572327681 1
1003 2014-07-08 100000057417639 14
1004 2014-07-08 100000057417639 14
1005 2014-07-08 100000057417639 14
1006 2014-07-08 100000371312361 9
1007 2014-07-08 100000371312361 9
1008 2014-07-08 100000371312361 9
1009 2014-07-08 100001492594434 20
1010 2014-07-08 100001492594434 20
1011 2014-07-08 100001492594434 20
1012 2014-07-08 100000071963379 9
1013 2014-07-08 100000207930329 2
1014 2014-07-08 100001675635842 17
1015 2014-07-08 100001014973862 6
1016 2014-07-08 100001014973862 6
1017 2014-07-08 100001014973862 6
1018 2014-07-08 100000003640095 17
1019 2014-07-08 100000003640095 17
1020 2014-07-08 100000226166913 6
1021 2014-07-08 100000226166913 6
1022 2014-07-08 100000226166913 6
1023 2014-07-08 1013693294 9
1024 2014-07-08 1013693294 9
1025 2014-07-08 1013693294 9
1026 2014-07-08 100000115931969 9
1027 2014-07-08 100000115931969 9
1028 2014-07-08 100000115931969 9
1029 2014-07-08 100000126423195 17
1030 2014-07-08 100000126423195 17
1031 2014-07-08 100000126423195 17
1032 2014-07-08 763407906 2
1033 2014-07-08 763407906 2
1034 2014-07-08 763407906 2
1035 2014-07-08 100002447709950 17
1036 2014-07-08 100002447709950 17
1037 2014-07-08 100002447709950 17
1038 2014-07-08 1747609115 16
1039 2014-07-08 1747609115 16
1040 2014-07-08 1747609115 16
1041 2014-07-08 100000180903355 6
1042 2014-07-08 100000180903355 6
1043 2014-07-08 100000180903355 6
1044 2014-07-08 100000232536989 4
1045 2014-07-08 100000232536989 4
1046 2014-07-08 100000232536989 4
1047 2014-07-08 100000261827397 1
1048 2014-07-08 100000261827397 1
1049 2014-07-08 100000261827397 1
1050 2014-07-08 100001316807350 4
1051 2014-07-08 100001316807350 4
1052 2014-07-08 100001316807350 4
1053 2014-07-08 817319745 14
1054 2014-07-08 817319745 14
1055 2014-07-08 817319745 14
1056 2014-07-08 1449153278 16
1057 2014-07-08 1449153278 16
1058 2014-07-08 1756358793 13
1059 2014-07-08 1756358793 13
1060 2014-07-08 1756358793 13
1061 2014-07-08 607333552 4
1062 2014-07-08 607333552 4
1063 2014-07-08 100000344373828 4
1064 2014-07-08 607333552 4
1065 2014-07-08 100000344373828 4
1066 2014-07-08 100000344373828 4
1067 2014-07-08 100000112993015 4
1068 2014-07-08 100000112993015 4
1069 2014-07-08 100000112993015 4
1070 2014-07-08 100000365651814 16
1071 2014-07-08 100001427483484 4
1072 2014-07-08 100001427483484 4
1073 2014-07-08 100001427483484 4
1074 2014-07-08 100001195190082 9
1075 2014-07-08 100001195190082 9
1076 2014-07-08 100001195190082 9
1077 2014-07-08 100000266774635 16
1078 2014-07-08 100000266774635 16
1079 2014-07-08 100000266774635 16
1080 2014-07-08 1744290458 16
1081 2014-07-08 1744290458 16
1082 2014-07-08 1744290458 16
1083 2014-07-08 100000342965928 4
1084 2014-07-08 100000342965928 4
1085 2014-07-08 100000342965928 4
1086 2014-07-08 1561327264 20
1087 2014-07-08 1561327264 20
1088 2014-07-08 1561327264 20
1089 2014-07-08 1078255426 20
1090 2014-07-08 1078255426 20
1091 2014-07-08 1078255426 20
1092 2014-07-08 100006610092595 16
1093 2014-07-08 100006610092595 16
1094 2014-07-08 100006610092595 16
1095 2014-07-08 1105515459 16
1096 2014-07-08 1105515459 16
1097 2014-07-08 1105515459 16
1098 2014-07-08 100000220834627 4
1099 2014-07-08 100000220834627 4
1100 2014-07-08 100000220834627 4
1101 2014-07-08 1518580195 19
1102 2014-07-08 1518580195 19
1103 2014-07-08 1518580195 19
1104 2014-07-08 1693384611 16
1105 2014-07-08 1693384611 16
1106 2014-07-08 1693384611 16
1107 2014-07-08 100001641074859 9
1108 2014-07-08 100001641074859 9
1109 2014-07-08 100001641074859 9
1110 2014-07-08 100003730563434 4
1111 2014-07-08 100003730563434 4
1112 2014-07-08 100003730563434 4
1113 2014-07-08 100008341514337 1
1114 2014-07-08 100008341514337 1
1115 2014-07-08 100008341514337 1
1116 2014-07-08 100000117571490 16
1117 2014-07-08 100000648184165 4
1118 2014-07-08 100000648184165 4
1119 2014-07-08 100002645949289 2
1120 2014-07-08 100002645949289 2
1121 2014-07-08 100002645949289 2
1122 2014-07-08 100000216422226 17
1123 2014-07-08 100000464964394 4
1124 2014-07-08 100000216422226 9
1125 2014-07-08 100000464964394 4
1126 2014-07-08 100000464964394 4
1127 2014-07-08 100001880092711 16
1128 2014-07-08 727167725 16
1129 2014-07-08 727167725 16
1130 2014-07-08 727167725 16
1131 2014-07-08 100001218473708 6
1132 2014-07-08 100001218473708 6
1133 2014-07-08 100001218473708 6
1134 2014-07-08 1478660247 16
1135 2014-07-08 1478660247 16
1136 2014-07-08 1478660247 16
1137 2014-07-08 100000099732201 16
1138 2014-07-08 100000099732201 16
1139 2014-07-08 100000099732201 16
1140 2014-07-08 100001867846473 17
1141 2014-07-08 100001867846473 17
1142 2014-07-08 100001867846473 17
1143 2014-07-08 100000251953935 6
1144 2014-07-08 100000251953935 6
1145 2014-07-08 100000251953935 6
1146 2014-07-08 100000145320596 6
1147 2014-07-08 100000145320596 6
1148 2014-07-08 100000145320596 6
1149 2014-07-08 100001154812198 17
1150 2014-07-08 100001154812198 17
1151 2014-07-08 100001154812198 17
1152 2014-07-08 100002341089143 6
1153 2014-07-08 100000138892879 16
1154 2014-07-08 100000138892879 16
1155 2014-07-08 100000138892879 16
1156 2014-07-08 1056218303 6
1157 2014-07-08 100002699796682 17
1158 2014-07-08 100001252554179 6
1159 2014-07-08 100002699796682 17
1160 2014-07-08 100002086033542 6
1161 2014-07-08 100002086033542 6
1162 2014-07-08 100002086033542 6
1163 2014-07-08 100002699796682 17
1164 2014-07-08 784715153 3
1165 2014-07-08 100000252261352 1
1166 2014-07-08 100000252261352 1
1167 2014-07-08 100000252261352 1
1168 2014-07-08 100000228586238 3
1169 2014-07-08 100000228586238 3
1170 2014-07-08 100002582196010 6
1171 2014-07-08 100002582196010 6
1172 2014-07-08 100002582196010 6
1173 2014-07-08 100002582196010 6
1174 2014-07-08 1274637703 3
1175 2014-07-08 100001007954067 6
1176 2014-07-08 100001007954067 6
1177 2014-07-08 100001007954067 6
1178 2014-07-08 100003928234309 17
1179 2014-07-08 100003928234309 17
1180 2014-07-08 100003928234309 17
1181 2014-07-08 100005317990787 3
1182 2014-07-08 100000161356619 6
1183 2014-07-08 100000119569725 6
1184 2014-07-08 100000119569725 6
1185 2014-07-08 100000119569725 6
1186 2014-07-08 100001240472289 6
1187 2014-07-08 100001240472289 6
1188 2014-07-08 100001240472289 6
1189 2014-07-08 100000678811275 17
1190 2014-07-08 100003514846554 3
1191 2014-07-08 100002592895531 3
1192 2014-07-08 1165931981 3
1193 2014-07-08 100000184263169 8
1194 2014-07-08 100000184263169 8
1195 2014-07-08 100000184263169 8
1196 2014-07-08 100000257051820 3
1197 2014-07-08 100000012253081 1
1198 2014-07-08 100000012253081 1
1199 2014-07-08 100000012253081 1
1200 2014-07-08 100001320593027 6
1201 2014-07-08 100001320593027 6
1202 2014-07-08 100001320593027 6
1203 2014-07-08 100000448257614 3
1204 2014-07-08 100001310125238 6
1205 2014-07-08 100001310125238 6
1206 2014-07-08 100001310125238 6
1207 2014-07-08 100001517887008 6
1208 2014-07-08 100001517887008 6
1209 2014-07-08 100001517887008 6
1210 2014-07-08 100002293202661 6
1211 2014-07-08 100002293202661 6
1212 2014-07-08 100002293202661 6
1213 2014-07-08 100000178815049 2
1214 2014-07-08 100001675635842 17
1215 2014-07-08 1445710516 19
1216 2014-07-08 1445710516 19
1217 2014-07-08 100001837916404 3
1218 2014-07-08 1445710516 19
1219 2014-07-08 622857866 5
1220 2014-07-08 622857866 5
1221 2014-07-08 622857866 5
1222 2014-07-08 100007087337063 8
1223 2014-07-08 100007087337063 21
1224 2014-07-08 100007087337063 13
1225 2014-07-08 100003096640525 16
1226 2014-07-08 100000315037196 3
1227 2014-07-08 100003096640525 16
1228 2014-07-08 100003096640525 16
1229 2014-07-08 100000222909767 3
1230 2014-07-08 100000222909767 3
1231 2014-07-08 100001372267619 6
1232 2014-07-08 644772706 9
1233 2014-07-08 644772706 9
1234 2014-07-08 644772706 9
1235 2014-07-08 1671352467 3
1236 2014-07-08 100004658436136 4
1237 2014-07-08 100004658436136 4
1238 2014-07-08 100004658436136 4
1239 2014-07-08 1672633401 4
1240 2014-07-08 1672633401 4
1241 2014-07-08 1672633401 4
1242 2014-07-08 100006488587944 3
1243 2014-07-08 100006488587944 3
1244 2014-07-08 100006488587944 3
1245 2014-07-08 100000114014327 6
1246 2014-07-08 100000763746711 16
1247 2014-07-08 100000763746711 16
1248 2014-07-08 100000763746711 16
1249 2014-07-08 100000114014327 6
1250 2014-07-08 1716980218 20
1251 2014-07-08 1716980218 20
1252 2014-07-08 100006096403835 9
1253 2014-07-08 100006096403835 9
1254 2014-07-08 100006096403835 9
1255 2014-07-08 100000238727305 3
1256 2014-07-08 1716980218 20
1257 2014-07-08 1716980218 20
1258 2014-07-08 100002718591022 17
1259 2014-07-08 1716980218 21
1260 2014-07-08 100000130190658 4
1261 2014-07-08 100000450057722 3
1262 2014-07-08 100000450057722 3
1263 2014-07-08 1676815999 17
1264 2014-07-08 100001336171363 6
1265 2014-07-08 100001336171363 6
1266 2014-07-08 1676815999 17
1267 2014-07-08 1753194276 16
1268 2014-07-08 1676815999 17
1269 2014-07-08 1753194276 16
1270 2014-07-08 1753194276 16
1271 2014-07-08 100000501916131 1
1272 2014-07-08 100000501916131 1
1273 2014-07-08 100000501916131 1
1274 2014-07-08 100000061286442 17
1275 2014-07-08 100002466798298 6
1276 2014-07-08 1820688065 18
1277 2014-07-08 1820688065 18
1278 2014-07-08 100003016760478 18
1279 2014-07-08 1820688065 18
1280 2014-07-08 100003016760478 18
1281 2014-07-08 100003016760478 18
1282 2014-07-08 100000267330244 18
1283 2014-07-08 100000267330244 18
1284 2014-07-08 100000209286676 18
1285 2014-07-08 100000267330244 18
1286 2014-07-08 100000209286676 18
1287 2014-07-08 100000209286676 18
1288 2014-07-09 100000239973919 18
1289 2014-07-09 100000239973919 18
1290 2014-07-09 100000239973919 18
1291 2014-07-09 100000239973919 18
1292 2014-07-09 100001228255558 18
1293 2014-07-09 100001228255558 18
1294 2014-07-09 100000147349353 4
1295 2014-07-09 100001228255558 18
1296 2014-07-09 100000113455224 18
1297 2014-07-09 100000147349353 4
1298 2014-07-09 100000147349353 4
1299 2014-07-09 100000113455224 18
1300 2014-07-09 100000108265810 18
1301 2014-07-09 100000113455224 18
1302 2014-07-09 100000690975770 18
1303 2014-07-09 100000108265810 18
1304 2014-07-09 100001336171363 6
1305 2014-07-09 100000108265810 18
1306 2014-07-09 100000260353148 1
1307 2014-07-09 100000690975770 18
1308 2014-07-09 100000260353148 1
1309 2014-07-09 100000690975770 18
1310 2014-07-09 100000260353148 1
1311 2014-07-09 100000447246910 18
1312 2014-07-09 100000251589816 18
1313 2014-07-09 100000251589816 18
1314 2014-07-09 100001336171363 6
1315 2014-07-09 100001336171363 6
1316 2014-07-09 100000251589816 18
1317 2014-07-09 750649402 18
1318 2014-07-09 750649402 18
1319 2014-07-09 100002147039244 18
1320 2014-07-09 100000248348550 18
1321 2014-07-09 750649402 18
1322 2014-07-09 100002147039244 18
1323 2014-07-09 100002147039244 18
1324 2014-07-09 100003029839771 18
1325 2014-07-09 100003029839771 18
1326 2014-07-09 100003029839771 18
1327 2014-07-09 100000736934230 18
1328 2014-07-09 100004058288098 18
1329 2014-07-09 100003910704778 18
1330 2014-07-09 100000278735458 6
1331 2014-07-09 100004058288098 18
1332 2014-07-09 100003910704778 18
1333 2014-07-09 100000278735458 6
1334 2014-07-09 100003910704778 18
1335 2014-07-09 100000278735458 6
1336 2014-07-09 100004058288098 18
1337 2014-07-09 1684759336 18
1338 2014-07-09 1684759336 18
1339 2014-07-09 1684759336 18
1340 2014-07-09 854509280 16
1341 2014-07-09 854509280 16
1342 2014-07-09 100006096403835 9
1343 2014-07-09 1684759336 18
1344 2014-07-09 100005556451327 18
1345 2014-07-09 100006096403835 9
1346 2014-07-09 854509280 16
1347 2014-07-09 100002402893352 3
1348 2014-07-09 100005556451327 18
1349 2014-07-09 100006096403835 9
1350 2014-07-09 100005556451327 18
1351 2014-07-09 100002402893352 18
1352 2014-07-09 100002402893352 3
1353 2014-07-09 100003281035118 16
1354 2014-07-09 100000340854425 18
1355 2014-07-09 100000340854425 18
1356 2014-07-09 100000457037978 18
1357 2014-07-09 100000340854425 18
1358 2014-07-09 100000177550666 18
1359 2014-07-09 100000401616148 16
1360 2014-07-09 100000177550666 18
1361 2014-07-09 100003281035118 16
1362 2014-07-09 100004501692203 18
1363 2014-07-09 100000177550666 18
1364 2014-07-09 100002024421494 18
1365 2014-07-09 100000401616148 16
1366 2014-07-09 100004501692203 18
1367 2014-07-09 100002024421494 18
1368 2014-07-09 100003281035118 16
1369 2014-07-09 100002024421494 18
1370 2014-07-09 100000401616148 16
1371 2014-07-09 100004501692203 18
1372 2014-07-09 100000881307998 18
1373 2014-07-09 100000881307998 18
1374 2014-07-09 1661304221 18
1375 2014-07-09 100000238510327 3
1376 2014-07-09 100000881307998 18
1377 2014-07-09 100000429306478 18
1378 2014-07-09 100000429306478 18
1379 2014-07-09 100000429306478 18
1380 2014-07-09 100003117740766 18
1381 2014-07-09 1716980218 20
1382 2014-07-09 100003117740766 18
1383 2014-07-09 100003316439211 18
1384 2014-07-09 100003117740766 18
1385 2014-07-09 100000832443324 17
1386 2014-07-09 100000209286676 18
1387 2014-07-09 100000492832327 18
1388 2014-07-09 100000832443324 17
1389 2014-07-09 100000209286676 18
1390 2014-07-09 100000341127500 18
1391 2014-07-09 100003316439211 18
1392 2014-07-09 100000832443324 17
1393 2014-07-09 100000492832327 18
1394 2014-07-09 100000209286676 18
1395 2014-07-09 100000341127500 18
1396 2014-07-09 100003316439211 18
1397 2014-07-09 100000341127500 18
1398 2014-07-09 1236476391 18
1399 2014-07-09 100002913158518 18
1400 2014-07-09 1236476391 18
1401 2014-07-09 100002913158518 18
1402 2014-07-09 100000248761423 18
1403 2014-07-09 100000183063517 18
1404 2014-07-09 100001992921749 18
1405 2014-07-09 1236476391 18
1406 2014-07-09 100000183063517 18
1407 2014-07-09 100000248761423 18
1408 2014-07-09 100000183063517 18
1409 2014-07-09 100002913158518 18
1410 2014-07-09 100001992921749 18
1411 2014-07-09 100000248761423 18
1412 2014-07-09 100001992921749 18
1413 2014-07-09 100000282335158 1
1414 2014-07-09 100000196371422 18
1415 2014-07-09 100002133954156 18
1416 2014-07-09 100002133954156 18
1417 2014-07-09 100002133954156 18
1418 2014-07-09 1184630471 3
1419 2014-07-09 100000607168820 17
1420 2014-07-09 100000607168820 17
1421 2014-07-09 100000607168820 17
1422 2014-07-09 100000310231243 18
1423 2014-07-09 100000179058859 18
1424 2014-07-09 100000179058859 18
1425 2014-07-09 100000179058859 18
1426 2014-07-09 100002418531450 18
1427 2014-07-09 100002418531450 18
1428 2014-07-09 100001706791879 18
1429 2014-07-09 100000147598709 17
1430 2014-07-09 100000147598709 17
1431 2014-07-09 100001706791879 18
1432 2014-07-09 100000147598709 17
1433 2014-07-09 672051272 5
1434 2014-07-09 100001706791879 18
1435 2014-07-09 100000228630740 18
1436 2014-07-09 100000228630740 18
1437 2014-07-09 100000228630740 18
1438 2014-07-09 672051272 21
1439 2014-07-09 1456067514 18
1440 2014-07-09 1456067514 18
1441 2014-07-09 100001196007209 16
1442 2014-07-09 672051272 13
1443 2014-07-09 100001196007209 16
1444 2014-07-09 1456067514 18
1445 2014-07-09 100001196007209 16
1446 2014-07-09 1843611559 9
1447 2014-07-09 1843611559 9
1448 2014-07-09 1843611559 9
1449 2014-07-09 100007799559346 20
1450 2014-07-09 100000060455616 18
1451 2014-07-09 1640395305 4
1452 2014-07-09 100000060455616 18
1453 2014-07-09 1640395305 4
1454 2014-07-09 1640395305 4
1455 2014-07-09 100000060455616 18
1456 2014-07-09 100001351993492 18
1457 2014-07-09 1686687544 18
1458 2014-07-09 100001351993492 18
1459 2014-07-09 100001351993492 18
1460 2014-07-09 100001430934753 18
1461 2014-07-09 100001430934753 18
1462 2014-07-09 100006171182187 4
1463 2014-07-09 100001430934753 18
1464 2014-07-09 100006171182187 4
1465 2014-07-09 100006171182187 4
1466 2014-07-09 100000973724089 9
1467 2014-07-09 1686687544 16
1468 2014-07-09 1686687544 21
1469 2014-07-09 100000140417189 18
1470 2014-07-09 100000140417189 18
1471 2014-07-09 100000124817944 11
1472 2014-07-09 100000140417189 18
1473 2014-07-09 1039890043 18
1474 2014-07-09 100000124817944 18
1475 2014-07-09 1039890043 18
1476 2014-07-09 1039890043 18
1477 2014-07-09 100000124817944 11
1478 2014-07-09 1677860424 18
1479 2014-07-09 644772706 9
1480 2014-07-09 1677860424 18
1481 2014-07-09 644772706 9
1482 2014-07-09 1677860424 18
1483 2014-07-09 644772706 9
1484 2014-07-09 100000208179777 18
1485 2014-07-09 100000287690013 18
1486 2014-07-09 100000208179777 18
1487 2014-07-09 100001719084891 9
1488 2014-07-09 100000208179777 18
1489 2014-07-09 1716980218 20
1490 2014-07-09 100007799559346 20
1491 2014-07-09 100001051314601 16
1492 2014-07-09 716746909 16
1493 2014-07-09 1677892186 18
1494 2014-07-09 716746909 16
1495 2014-07-09 716746909 16
1496 2014-07-09 1677892186 18
1497 2014-07-09 1677892186 18
1498 2014-07-09 700163520 4
1499 2014-07-09 100001051314601 16
1500 2014-07-09 100002188850809 18
1501 2014-07-09 700163520 4
1502 2014-07-09 100002188850809 18
1503 2014-07-09 100001051314601 16
1504 2014-07-09 100001642390424 4
1505 2014-07-09 100002188850809 18
1506 2014-07-09 100001052057428 9
1507 2014-07-09 100001052057428 9
1508 2014-07-09 100001052057428 9
1509 2014-07-09 100001005052832 3
1510 2014-07-09 100001005052832 3
1511 2014-07-09 100000207041692 18
1512 2014-07-09 100001934133989 18
1513 2014-07-09 100000207041692 18
1514 2014-07-09 100001934133989 18
1515 2014-07-09 100001934133989 18
1516 2014-07-09 100000207041692 18
1517 2014-07-09 100000396980808 18
1518 2014-07-09 100002529343505 18
1519 2014-07-09 100000396980808 18
1520 2014-07-09 100002529343505 13
1521 2014-07-09 100000396980808 18
1522 2014-07-09 100002529343505 18
1523 2014-07-09 100000254542308 18
1524 2014-07-09 100002141888161 18
1525 2014-07-09 100002141888161 18
1526 2014-07-09 100002141888161 18
1527 2014-07-09 778628886 18
1528 2014-07-09 100001528257641 18
1529 2014-07-09 778628886 18
1530 2014-07-09 707001563 6
1531 2014-07-09 1309103944 20
1532 2014-07-09 778628886 18
1533 2014-07-09 707001563 6
1534 2014-07-09 1309103944 20
1535 2014-07-09 707001563 6
1536 2014-07-09 1716980218 20
1537 2014-07-09 100007799559346 20
1538 2014-07-09 1309103944 20
1539 2014-07-09 100001528257641 18
1540 2014-07-09 100001528257641 18
1541 2014-07-09 1408896231 6
1542 2014-07-09 1408896231 6
1543 2014-07-09 1408896231 6
1544 2014-07-09 100000474451415 18
1545 2014-07-09 100002599525405 18
1546 2014-07-09 100000474451415 18
1547 2014-07-09 100000474451415 18
1548 2014-07-09 100001580302818 1
1549 2014-07-09 100001580302818 1
1550 2014-07-09 100001580302818 1
1551 2014-07-09 100000292863234 18
1552 2014-07-09 100000292863234 18
1553 2014-07-09 100000292863234 18
1554 2014-07-09 100000162503059 18
1555 2014-07-09 100000162503059 18
1556 2014-07-09 100000162503059 18
1557 2014-07-09 100000872550350 9
1558 2014-07-09 100000872550350 9
1559 2014-07-09 100000872550350 9
1560 2014-07-09 100001416477484 18
1561 2014-07-09 100000196230167 6
1562 2014-07-09 100002396713778 18
1563 2014-07-09 100000196230167 6
1564 2014-07-09 100000196230167 6
1565 2014-07-09 100002396713778 18
1566 2014-07-09 100002396713778 18
1567 2014-07-09 100000318680418 16
1568 2014-07-09 100008304310214 18
1569 2014-07-09 100002679268412 18
1570 2014-07-09 100003514846554 3
1571 2014-07-09 100000318680418 16
1572 2014-07-09 100002679268412 18
1573 2014-07-09 100000318680418 16
1574 2014-07-09 100002679268412 18
1575 2014-07-09 100000318680418 16
1576 2014-07-09 100001757470489 6
1577 2014-07-09 100001757470489 6
1578 2014-07-09 100001757470489 6
1579 2014-07-09 100000186577793 18
1580 2014-07-09 100000377031908 18
1581 2014-07-09 100000186577793 18
1582 2014-07-09 100000186577793 18
1583 2014-07-09 100000377031908 18
1584 2014-07-09 100000377031908 18
1585 2014-07-09 100000048936799 9
1586 2014-07-09 100000048936799 9
1587 2014-07-09 100000048936799 9
1588 2014-07-09 1829677694 18
1589 2014-07-09 100000635190433 18
1590 2014-07-09 100000635190433 18
1591 2014-07-09 100000635190433 18
1592 2014-07-09 1786592063 18
1593 2014-07-09 100000215020961 18
1594 2014-07-09 100000052474345 3
1595 2014-07-09 100000363432240 18
1596 2014-07-09 100000363432240 18
1597 2014-07-09 100000363432240 18
1598 2014-07-09 100000363432240 18
1599 2014-07-09 100000922175344 6
1600 2014-07-09 100000922175344 6
1601 2014-07-09 100000922175344 6
1602 2014-07-09 100001883421361 18
1603 2014-07-09 100000272052553 18
1604 2014-07-09 100001883421361 18
1605 2014-07-09 100000272052553 18
1606 2014-07-09 100001883421361 18
1607 2014-07-09 100000272052553 18
1608 2014-07-09 100000215020961 3
1609 2014-07-09 100000215020961 19
1610 2014-07-09 1070300833 9
1611 2014-07-09 1070300833 9
1612 2014-07-09 1070300833 9
1613 2014-07-09 100001899595893 18
1614 2014-07-09 100001899595893 18
1615 2014-07-09 100001899595893 18
1616 2014-07-09 100004024379175 18
1617 2014-07-09 100000203993422 12
1618 2014-07-09 100000159704398 18
1619 2014-07-09 1148110608 3
1620 2014-07-09 100000203993422 18
1621 2014-07-09 100000159704398 18
1622 2014-07-09 100000203993422 18
1623 2014-07-09 100005995656148 18
1624 2014-07-09 100000995008940 9
1625 2014-07-09 100000995008940 9
1626 2014-07-09 100005995656148 18
1627 2014-07-09 100000158096459 18
1628 2014-07-09 100000995008940 9
1629 2014-07-09 100005995656148 18
1630 2014-07-09 100001828661057 18
1631 2014-07-09 100000159704398 18
1632 2014-07-09 1193678475 11
1633 2014-07-09 100001828661057 18
1634 2014-07-09 100001828661057 18
1635 2014-07-09 1193678475 18
1636 2014-07-09 1193678475 6
1637 2014-07-09 100000328916389 18
1638 2014-07-09 100000328916389 18
1639 2014-07-09 100000328916389 18
1640 2014-07-09 100000213445107 18
1641 2014-07-09 100000213445107 18
1642 2014-07-09 100000213445107 18
1643 2014-07-09 1415161638 4
1644 2014-07-09 1415161638 4
1645 2014-07-09 1415161638 4
1646 2014-07-09 100003024513836 18
1647 2014-07-09 100001402581635 18
1648 2014-07-09 100003024513836 18
1649 2014-07-09 100001402581635 9
1650 2014-07-09 100003024513836 18
1651 2014-07-09 100001402581635 18
1652 2014-07-09 100000098929136 18
1653 2014-07-09 100000098929136 18
1654 2014-07-09 100000098929136 18
1655 2014-07-09 100000194255512 18
1656 2014-07-09 100000194255512 18
1657 2014-07-09 100000194255512 18
1658 2014-07-09 100001865549087 9
1659 2014-07-09 100001865549087 9
1660 2014-07-09 100002279098314 18
1661 2014-07-09 1610040771 4
1662 2014-07-09 100002279098314 18
1663 2014-07-09 100002279098314 18
1664 2014-07-09 100000763746711 16
1665 2014-07-09 1610040771 4
1666 2014-07-09 1610040771 4
1667 2014-07-09 100000763746711 16
1668 2014-07-09 100000763746711 16
1669 2014-07-09 100002406958387 18
1670 2014-07-09 100002406958387 18
1671 2014-07-09 100002406958387 18
1672 2014-07-09 100000187206095 1
1673 2014-07-09 100000187206095 9
1674 2014-07-09 100000187206095 18
1675 2014-07-09 100000675168087 17
1676 2014-07-09 100000675168087 17
1677 2014-07-09 100004254638698 18
1678 2014-07-09 100000675168087 17
1679 2014-07-09 100004254638698 18
1680 2014-07-09 100004254638698 18
1681 2014-07-09 100003471648627 18
1682 2014-07-09 100003471648627 18
1683 2014-07-09 100003471648627 18
1684 2014-07-09 100000036567556 18
1685 2014-07-09 100000036567556 18
1686 2014-07-09 100000036567556 18
1687 2014-07-09 100005665093240 4
1688 2014-07-09 100005665093240 4
1689 2014-07-09 100005665093240 4
1690 2014-07-09 100000174776290 18
1691 2014-07-09 100000174776290 18
1692 2014-07-09 100000174776290 18
1693 2014-07-09 100001685970868 3
1694 2014-07-09 100001685970868 9
1695 2014-07-09 100001685970868 9
1696 2014-07-09 100000476854163 3
1697 2014-07-09 100001163062522 18
1698 2014-07-09 100001163062522 18
1699 2014-07-09 100001163062522 18
1700 2014-07-09 100000307662268 18
1701 2014-07-09 100001346098902 18
1702 2014-07-09 100000307662268 18
1703 2014-07-09 100000307662268 18
1704 2014-07-09 100001346098902 18
1705 2014-07-09 100001346098902 18
1706 2014-07-09 100002472271062 18
1707 2014-07-09 100001675635842 17
1708 2014-07-09 100002472271062 18
1709 2014-07-09 100002472271062 18
1710 2014-07-09 100000267787095 18
1711 2014-07-09 100000267787095 18
1712 2014-07-09 100000267787095 18
1713 2014-07-09 100003705465993 4
1714 2014-07-09 100003705465993 4
1715 2014-07-09 100003705465993 4
1716 2014-07-09 100002011313194 6
1717 2014-07-09 100002011313194 6
1718 2014-07-09 100001444050757 6
1719 2014-07-09 100001444050757 6
1720 2014-07-09 100001444050757 6
1721 2014-07-09 100002011313194 6
1722 2014-07-09 100002888233389 18
1723 2014-07-09 100002248370428 6
1724 2014-07-09 100002248370428 6
1725 2014-07-09 100002248370428 6
1726 2014-07-09 100002532860985 18
1727 2014-07-09 100002532860985 18
1728 2014-07-09 100002532860985 18
1729 2014-07-09 100002726137725 17
1730 2014-07-09 100002726137725 2
1731 2014-07-09 100002726137725 6
1732 2014-07-09 100001585306137 3
1733 2014-07-09 100001585306137 3
1734 2014-07-09 100001585306137 3
1735 2014-07-09 100002448865994 18
1736 2014-07-09 100002448865994 18
1737 2014-07-09 100002448865994 18
1738 2014-07-09 100000057045416 8
1739 2014-07-09 100000057045416 8
1740 2014-07-09 100000057045416 8
1741 2014-07-09 100007087337063 21
1742 2014-07-09 100002362154184 4
1743 2014-07-09 100007087337063 5
1744 2014-07-09 100002362154184 4
1745 2014-07-09 100002362154184 4
1746 2014-07-09 100002859413697 17
1747 2014-07-09 100002859413697 17
1748 2014-07-09 100002859413697 17
1749 2014-07-09 100007087337063 3
1750 2014-07-09 100001680114199 18
1751 2014-07-09 100001680114199 18
1752 2014-07-09 100001680114199 18
1753 2014-07-09 1153100587 18
1754 2014-07-09 1153100587 18
1755 2014-07-09 1153100587 18
1756 2014-07-09 100003453250452 3
1757 2014-07-09 100000133908528 6
1758 2014-07-09 100000133908528 6
1759 2014-07-09 100000133908528 6
1760 2014-07-09 1647706563 18
1761 2014-07-09 100001452617879 18
1762 2014-07-09 100001452617879 18
1763 2014-07-09 1647706563 18
1764 2014-07-09 100001452617879 18
1765 2014-07-09 1647706563 18
1766 2014-07-09 100000227426324 18
1767 2014-07-09 100000227426324 18
1768 2014-07-09 100000227426324 18
1769 2014-07-09 100002361170989 18
1770 2014-07-09 100002361170989 18
1771 2014-07-09 100002361170989 18
1772 2014-07-09 1588412667 18
1773 2014-07-09 1588412667 18
1774 2014-07-09 1588412667 18
1775 2014-07-09 100000006075940 20
1776 2014-07-09 100000006075940 20
1777 2014-07-09 100000006075940 20
1778 2014-07-09 672051272 3
1779 2014-07-09 672051272 5
1780 2014-07-09 100002071308607 18
1781 2014-07-09 672051272 8
1782 2014-07-09 100002071308607 18
1783 2014-07-09 100002071308607 18
1784 2014-07-09 1078255426 20
1785 2014-07-09 1078255426 20
1786 2014-07-09 1078255426 20
1787 2014-07-09 100000442626942 18
1788 2014-07-09 1204372676 18
1789 2014-07-09 1204372676 18
1790 2014-07-09 100000442626942 18
1791 2014-07-09 1204372676 18
1792 2014-07-09 100000442626942 18
1793 2014-07-09 100002428788759 16
1794 2014-07-09 100002428788759 16
1795 2014-07-09 100002428788759 16
1796 2014-07-09 100002566196366 16
1797 2014-07-09 100002566196366 16
1798 2014-07-09 100002566196366 16
1799 2014-07-09 1762492907 18
1800 2014-07-09 1762492907 18
1801 2014-07-09 1762492907 18
1802 2014-07-09 100003829326306 18
1803 2014-07-09 100003829326306 18
1804 2014-07-09 100003829326306 18
1805 2014-07-09 100001896885106 18
1806 2014-07-09 1824271501 18
1807 2014-07-09 1824271501 18
1808 2014-07-09 100008108224167 18
1809 2014-07-09 1824271501 18
1810 2014-07-09 100008108224167 18
1811 2014-07-09 100005701746182 18
1812 2014-07-09 100005701746182 18
1813 2014-07-09 100008108224167 18
1814 2014-07-09 100005701746182 18
1815 2014-07-09 100000547872227 18
1816 2014-07-09 100000547872227 18
1817 2014-07-09 100000547872227 18
1818 2014-07-09 100000547872227 18
1819 2014-07-09 100000185983162 18
1820 2014-07-09 100000185983162 18
1821 2014-07-09 100000185983162 18
1822 2014-07-09 100000198039414 18
1823 2014-07-09 100000198039414 18
1824 2014-07-09 100000198039414 18
1825 2014-07-09 1370135606 18
1826 2014-07-09 1370135606 18
1827 2014-07-09 1370135606 18
1828 2014-07-09 1360971751 16
1829 2014-07-09 1360971751 16
1830 2014-07-09 1360971751 16
1831 2014-07-09 100002102502713 18
1832 2014-07-09 100002102502713 18
1833 2014-07-09 100002102502713 18
1834 2014-07-09 100006830200509 15
1835 2014-07-09 100000298573633 20
1836 2014-07-09 100000280032616 18
1837 2014-07-09 100003096640525 16
1838 2014-07-09 100003096640525 16
1839 2014-07-09 100003096640525 16
1840 2014-07-09 100000131149413 16
1841 2014-07-09 100000131149413 16
1842 2014-07-09 100000131149413 16
1843 2014-07-09 100003463750258 16
1844 2014-07-09 100003463750258 16
1845 2014-07-09 100003463750258 16
1846 2014-07-09 100001697220946 18
1847 2014-07-09 1406255851 20
1848 2014-07-09 1406255851 20
1849 2014-07-09 1406255851 20
1850 2014-07-09 100003001753134 18
1851 2014-07-09 100003001753134 18
1852 2014-07-09 100003001753134 18
1853 2014-07-09 100003178385553 17
1854 2014-07-09 100003178385553 17
1855 2014-07-09 100003178385553 17
1856 2014-07-09 100000164393749 18
1857 2014-07-09 100001284547861 18
1858 2014-07-09 100002033103846 18
1859 2014-07-09 100002033103846 18
1860 2014-07-09 100002033103846 18
1861 2014-07-09 1658572974 16
1862 2014-07-09 1658572974 16
1863 2014-07-09 1658572974 16
1864 2014-07-09 100000357459356 9
1865 2014-07-09 100000357459356 9
1866 2014-07-09 100000357459356 9
1867 2014-07-09 100001867846473 17
1868 2014-07-09 100001867846473 17
1869 2014-07-09 100001867846473 17
1870 2014-07-09 100000169876321 17
1871 2014-07-09 100008113540796 18
1872 2014-07-09 100008113540796 18
1873 2014-07-09 100008113540796 18
1874 2014-07-09 100008070032461 18
1875 2014-07-09 100008070032461 18
1876 2014-07-09 100008070032461 18
1877 2014-07-09 100001926917231 18
1878 2014-07-09 100001926917231 18
1879 2014-07-09 100001926917231 18
1880 2014-07-09 1756358793 13
1881 2014-07-09 1756358793 13
1882 2014-07-09 1756358793 13
1883 2014-07-09 100000206073449 18
1884 2014-07-09 100000206073449 18
1885 2014-07-09 100000206073449 18
1886 2014-07-09 100008135830841 18
1887 2014-07-09 100008135830841 18
1888 2014-07-09 100008135830841 18
1889 2014-07-09 100000175243545 9
1890 2014-07-09 100000175243545 9
1891 2014-07-09 100000175243545 9
1892 2014-07-09 100002119216626 18
1893 2014-07-09 100002119216626 18
1894 2014-07-09 100002119216626 18
1895 2014-07-09 100000158168538 3
1896 2014-07-09 100000158168538 3
1897 2014-07-09 100000158168538 3
1898 2014-07-09 100004944456400 16
1899 2014-07-09 100004944456400 16
1900 2014-07-09 100004944456400 16
1901 2014-07-09 100000425051763 18
1902 2014-07-09 100000425051763 18
1903 2014-07-09 100000425051763 18
1904 2014-07-09 100002033169171 3
1905 2014-07-09 100000186030169 18
1906 2014-07-09 100000186030169 18
1907 2014-07-09 100000186030169 18
1908 2014-07-09 100002580523744 16
1909 2014-07-09 100002580523744 16
1910 2014-07-09 100002580523744 16
1911 2014-07-09 100000182208574 18
1912 2014-07-09 100000182208574 18
1913 2014-07-09 100000182208574 18
1914 2014-07-09 100002827733036 16
1915 2014-07-09 100002827733036 16
1916 2014-07-09 100002827733036 16
1917 2014-07-09 1122701649 3
1918 2014-07-09 100000007015502 3
1919 2014-07-09 100000007015502 3
1920 2014-07-09 100000007015502 3
1921 2014-07-09 100000219724444 1
1922 2014-07-09 100000219724444 1
1923 2014-07-09 100000219724444 1
1924 2014-07-09 624778945 18
1925 2014-07-09 624778945 18
1926 2014-07-09 624778945 18
1927 2014-07-09 100000086802284 9
1928 2014-07-09 100000086802284 9
1929 2014-07-09 100000086802284 9
1930 2014-07-09 100000115057698 18
1931 2014-07-09 100000115057698 18
1932 2014-07-09 100000115057698 18
1933 2014-07-09 1682085435 18
1934 2014-07-09 1682085435 18
1935 2014-07-09 1682085435 18
1936 2014-07-09 100001443218189 18
1937 2014-07-09 100001228838676 16
1938 2014-07-09 100001228838676 16
1939 2014-07-09 100001228838676 16
1940 2014-07-09 100000940704316 18
1941 2014-07-09 100000940704316 18
1942 2014-07-09 552896371 16
1943 2014-07-09 100000940704316 18
1944 2014-07-09 100000747994181 18
1945 2014-07-09 100000747994181 18
1946 2014-07-09 100000747994181 18
1947 2014-07-09 100002406400961 18
1948 2014-07-09 100002406400961 18
1949 2014-07-09 100002406400961 18
1950 2014-07-09 100003117958177 16
1951 2014-07-09 100003117958177 16
1952 2014-07-09 100003117958177 16
1953 2014-07-09 732822631 3
1954 2014-07-09 100001216500035 18
1955 2014-07-09 100001216500035 18
1956 2014-07-09 100001216500035 18
1957 2014-07-09 1750668204 18
1958 2014-07-09 1750668204 18
1959 2014-07-09 1750668204 18
1960 2014-07-09 100002455003370 1
1961 2014-07-09 100002455003370 1
1962 2014-07-09 100002455003370 1
1963 2014-07-09 572931946 3
1964 2014-07-09 572931946 3
1965 2014-07-09 572931946 3
1966 2014-07-09 100000104005868 1
1967 2014-07-09 100000104005868 1
1968 2014-07-09 100000104005868 1
1969 2014-07-09 100002082214979 18
1970 2014-07-09 100002082214979 18
1971 2014-07-09 100002082214979 18
1972 2014-07-09 100000361301941 6
1973 2014-07-09 100000361301941 6
1974 2014-07-09 100000361301941 6
1975 2014-07-09 642737901 2
1976 2014-07-09 100000858631083 6
1977 2014-07-09 100000045189144 20
1978 2014-07-09 100000045189144 20
1979 2014-07-09 100000045189144 20
1980 2014-07-09 1372276115 18
1981 2014-07-09 100000045189144 20
1982 2014-07-09 1372276115 18
1983 2014-07-09 1372276115 18
1984 2014-07-09 100000164812775 18
1985 2014-07-09 100000164812775 18
1986 2014-07-09 100000164812775 18
1987 2014-07-09 100000209317554 18
1988 2014-07-09 100000209317554 18
1989 2014-07-09 100000209317554 18
1990 2014-07-09 100008341514337 1
1991 2014-07-09 100008341514337 1
1992 2014-07-09 100008341514337 1
1993 2014-07-09 100000338594385 6
1994 2014-07-09 100000383288682 18
1995 2014-07-09 100000338594385 6
1996 2014-07-09 100000383288682 18
1997 2014-07-09 100000383288682 18
1998 2014-07-09 100000338594385 6
1999 2014-07-09 100001606451487 18
2000 2014-07-09 100001606451487 4
2001 2014-07-09 100001606451487 3
2002 2014-07-09 100000185973128 18
2003 2014-07-09 100000185973128 18
2004 2014-07-09 100000185973128 18
2005 2014-07-09 100001309194504 18
2006 2014-07-09 100001309194504 18
2007 2014-07-09 100004596514307 4
2008 2014-07-09 1788374253 20
2009 2014-07-09 100001309194504 18
2010 2014-07-09 100005266537357 9
2011 2014-07-09 100004596514307 4
2012 2014-07-09 1788374253 20
2013 2014-07-09 100004596514307 4
2014 2014-07-09 100005266537357 9
2015 2014-07-09 1788374253 20
2016 2014-07-09 100005266537357 9
2017 2014-07-09 100002603335579 9
2018 2014-07-09 100002603335579 9
2019 2014-07-09 100002603335579 9
2020 2014-07-09 100000192868267 2
2021 2014-07-09 100000192868267 2
2022 2014-07-09 100000192868267 2
2023 2014-07-09 100006235330461 9
2024 2014-07-09 100006235330461 9
2025 2014-07-09 100006235330461 9
2026 2014-07-09 100000656692288 9
2027 2014-07-09 100000656692288 9
2028 2014-07-09 100000656692288 9
2029 2014-07-09 100002211038712 9
2030 2014-07-09 100002211038712 9
2031 2014-07-09 100002211038712 9
2032 2014-07-09 100000973724089 9
2033 2014-07-09 100000973724089 9
2034 2014-07-09 100007593937526 18
2035 2014-07-09 100007593937526 18
2036 2014-07-09 100007593937526 18
2037 2014-07-09 100004073530282 18
2038 2014-07-09 100004073530282 18
2039 2014-07-09 100005751167690 9
2040 2014-07-09 100005751167690 9
2041 2014-07-09 100005751167690 9
2042 2014-07-09 1135337113 3
2043 2014-07-09 1135337113 3
2044 2014-07-09 1135337113 3
2045 2014-07-09 100000261827397 1
2046 2014-07-09 100000261827397 1
2047 2014-07-09 100000261827397 1
2048 2014-07-09 100004284846755 18
2049 2014-07-09 100004284846755 18
2050 2014-07-09 100004284846755 18
2051 2014-07-09 100000712834397 17
2052 2014-07-09 100001675635842 17
2053 2014-07-09 100001675635842 17
2054 2014-07-09 100001390852311 18
2055 2014-07-09 1128631088 9
2056 2014-07-09 1128631088 9
2057 2014-07-09 1128631088 9
2058 2014-07-09 100001390852311 18
2059 2014-07-09 100001390852311 18
2060 2014-07-09 100001877622894 18
2061 2014-07-09 100001877622894 18
2062 2014-07-09 100001877622894 18
2063 2014-07-09 100000275859891 18
2064 2014-07-09 100000275859891 18
2065 2014-07-09 100000275859891 18
2066 2014-07-09 100001131236737 18
2067 2014-07-09 100001131236737 18
2068 2014-07-09 100001131236737 18
2069 2014-07-09 100002966923603 3
2070 2014-07-09 100002966923603 3
2071 2014-07-09 100002966923603 3
2072 2014-07-09 100000315371907 18
2073 2014-07-09 100000315371907 18
2074 2014-07-09 100000315371907 18
2075 2014-07-09 100000496361142 18
2076 2014-07-09 100000496361142 19
2077 2014-07-09 100000496361142 19
2078 2014-07-09 100001631616737 18
2079 2014-07-09 100001631616737 18
2080 2014-07-09 100001631616737 18
2081 2014-07-09 100001838978211 18
2082 2014-07-09 100000611670285 18
2083 2014-07-09 100000611670285 18
2084 2014-07-09 100000611670285 18
2085 2014-07-09 100001322029529 18
2086 2014-07-09 100001322029529 18
2087 2014-07-09 100001322029529 18
2088 2014-07-09 100000222584625 18
2089 2014-07-09 100000222584625 18
2090 2014-07-09 100000341755127 18
2091 2014-07-09 100000222584625 18
2092 2014-07-09 100000341755127 18
2093 2014-07-09 100000341755127 18
2094 2014-07-09 100000175628461 18
2095 2014-07-09 100000175628461 18
2096 2014-07-09 100000175628461 18
2097 2014-07-09 100002631566319 1
2098 2014-07-09 100002631566319 1
2099 2014-07-09 100002631566319 1
2100 2014-07-09 100000204476710 18
2101 2014-07-09 100000204476710 18
2102 2014-07-09 100000204476710 18
2103 2014-07-09 100000196616588 18
2104 2014-07-09 100000196616588 18
2105 2014-07-09 100000196616588 18
2106 2014-07-09 100002548231516 18
2107 2014-07-09 100001530832570 18
2108 2014-07-09 100001530832570 18
2109 2014-07-09 100001530832570 18
2110 2014-07-09 100001890777579 18
2111 2014-07-09 100001890777579 18
2112 2014-07-09 100001890777579 18
2113 2014-07-09 1350433337 18
2114 2014-07-09 1350433337 18
2115 2014-07-09 1350433337 18
2116 2014-07-09 100003219750262 18
2117 2014-07-09 100003219750262 18
2118 2014-07-09 100003219750262 18
2119 2014-07-09 100001555486209 18
2120 2014-07-09 100000128943037 18
2121 2014-07-09 100000128943037 18
2122 2014-07-09 100000128943037 18
2123 2014-07-09 100000125598527 18
2124 2014-07-09 100000125598527 18
2125 2014-07-09 100000125598527 18
2126 2014-07-09 100003086907575 18
2127 2014-07-09 100003946153451 15
2128 2014-07-09 100003086907575 9
2129 2014-07-09 100003946153451 15
2130 2014-07-09 100003946153451 15
2131 2014-07-09 100001316807350 4
2132 2014-07-09 100001316807350 4
2133 2014-07-09 100001316807350 4
2134 2014-07-09 100000391783167 1
2135 2014-07-09 1735490333 18
2136 2014-07-09 1735490333 18
2137 2014-07-09 1735490333 18
2138 2014-07-09 100000342965928 4
2139 2014-07-09 100000342965928 4
2140 2014-07-09 100000342965928 4
2141 2014-07-09 100001290596358 4
2142 2014-07-09 100001290596358 4
2143 2014-07-09 100001290596358 4
2144 2014-07-09 100000375935392 3
2145 2014-07-09 100000375935392 15
2146 2014-07-09 100000081155857 3
2147 2014-07-09 100000081155857 3
2148 2014-07-09 100000375935392 15
2149 2014-07-09 100000081155857 3
2150 2014-07-09 1672633401 4
2151 2014-07-09 1672633401 4
2152 2014-07-09 1672633401 4
2153 2014-07-09 1614099855 14
2154 2014-07-09 1614099855 14
2155 2014-07-09 1614099855 14
2156 2014-07-09 1614099855 14
2157 2014-07-09 100008114372868 18
2158 2014-07-09 100008114372868 18
2159 2014-07-09 100008114372868 18
2160 2014-07-09 100002565778322 18
2161 2014-07-09 100000203652689 1
2162 2014-07-09 100002565778322 19
2163 2014-07-09 100002565778322 3
2164 2014-07-09 100003978371096 1
2165 2014-07-09 1464308400 8
2166 2014-07-09 100000574232482 18
2167 2014-07-09 100000574232482 18
2168 2014-07-09 100000574232482 18
2169 2014-07-09 100002077713566 18
2170 2014-07-09 100000424455761 9
2171 2014-07-09 100000424455761 9
2172 2014-07-09 100000424455761 9
2173 2014-07-09 100003759868873 14
2174 2014-07-09 100003759868873 14
2175 2014-07-09 100003759868873 14
2176 2014-07-09 100000173146267 4
2177 2014-07-09 100000173146267 4
2178 2014-07-09 100000473912881 18
2179 2014-07-09 100000473912881 18
2180 2014-07-09 100000473912881 18
2181 2014-07-09 100000173146267 4
2182 2014-07-09 100000173146267 4
2183 2014-07-09 1722327529 15
2184 2014-07-09 1722327529 15
2185 2014-07-09 100000535105636 18
2186 2014-07-09 1722327529 15
2187 2014-07-09 100000535105636 18
2188 2014-07-09 100000535105636 18
2189 2014-07-09 100000358375289 18
2190 2014-07-09 100000358375289 18
2191 2014-07-09 100000358375289 18
2192 2014-07-09 811010367 14
2193 2014-07-09 811010367 14
2194 2014-07-09 811010367 14
2195 2014-07-09 1456256458 3
2196 2014-07-09 1456256458 3
2197 2014-07-09 1456256458 3
2198 2014-07-09 100000216339187 18
2199 2014-07-09 100000216339187 18
2200 2014-07-09 100000534460737 18
2201 2014-07-09 100000534460737 18
2202 2014-07-09 100000534460737 18
2203 2014-07-09 100000436154091 18
2204 2014-07-09 100000436154091 18
2205 2014-07-09 100000436154091 18
2206 2014-07-09 663422655 9
2207 2014-07-09 100000159769216 1
2208 2014-07-09 100000159769216 1
2209 2014-07-09 1008014784 3
2210 2014-07-09 1680132741 18
2211 2014-07-09 1680132741 18
2212 2014-07-09 1680132741 18
2213 2014-07-09 100002576250998 18
2214 2014-07-09 100002576250998 18
2215 2014-07-09 100002576250998 18
2216 2014-07-09 100006488587944 3
2217 2014-07-09 100006488587944 3
2218 2014-07-09 100006488587944 3
2219 2014-07-09 100001218473708 6
2220 2014-07-09 100001218473708 6
2221 2014-07-09 100001218473708 6
2222 2014-07-09 100005271453991 18
2223 2014-07-09 100005271453991 18
2224 2014-07-09 100005271453991 18
2225 2014-07-09 100005271453991 18
2226 2014-07-09 100000200738449 18
2227 2014-07-09 100000200738449 18
2228 2014-07-09 100000200738449 18
2229 2014-07-09 100001178707686 18
2230 2014-07-09 100001178707686 18
2231 2014-07-09 100001178707686 18
2232 2014-07-09 100002314268270 18
2233 2014-07-09 100002314268270 18
2234 2014-07-09 100002314268270 18
2235 2014-07-09 100002761249080 16
2236 2014-07-09 100002761249080 16
2237 2014-07-09 100002761249080 16
2238 2014-07-09 100005769362868 1
2239 2014-07-09 100005769362868 1
2240 2014-07-09 100005769362868 1
2241 2014-07-09 1148110608 3
2242 2014-07-09 1148110608 3
2243 2014-07-09 100000145039787 18
2244 2014-07-09 100000145039787 18
2245 2014-07-09 100000145039787 18
2246 2014-07-09 100000403132910 18
2247 2014-07-09 100000403132910 18
2248 2014-07-09 100000403132910 18
2249 2014-07-09 100001831793186 18
2250 2014-07-09 100001831793186 18
2251 2014-07-09 100001831793186 18
2252 2014-07-09 100002494042257 18
2253 2014-07-09 100002494042257 18
2254 2014-07-09 100002494042257 18
2255 2014-07-09 100002494042257 18
2256 2014-07-09 100000057417639 14
2257 2014-07-09 100000057417639 14
2258 2014-07-09 100000057417639 14
2259 2014-07-09 100000476854163 3
2260 2014-07-09 100003489661078 18
2261 2014-07-09 100001433971836 18
2262 2014-07-09 100002108755799 18
2263 2014-07-09 100002108755799 18
2264 2014-07-09 100002108755799 18
2265 2014-07-09 100003489661078 18
2266 2014-07-09 100000272951495 16
2267 2014-07-09 100000272951495 16
2268 2014-07-09 100000272951495 16
2269 2014-07-09 100002505960925 12
2270 2014-07-09 100002505960925 18
2271 2014-07-09 100002505960925 18
2272 2014-07-09 100001719084891 9
2273 2014-07-09 100001719084891 9
2274 2014-07-09 100000085625609 18
2275 2014-07-09 100000085625609 18
2276 2014-07-09 100000085625609 18
2277 2014-07-09 100000085625609 18
2278 2014-07-09 100000446565702 1
2279 2014-07-09 100000446565702 1
2280 2014-07-09 100000446565702 1
2281 2014-07-09 100002775136373 18
2282 2014-07-09 100002775136373 18
2283 2014-07-09 100002775136373 18
2284 2014-07-09 100002649009739 18
2285 2014-07-09 100002649009739 18
2286 2014-07-09 1433406866 6
2287 2014-07-09 100002649009739 18
2288 2014-07-09 1433406866 6
2289 2014-07-09 1433406866 6
2290 2014-07-09 100008175527165 18
2291 2014-07-09 100000218718958 1
2292 2014-07-09 100000218718958 1
2293 2014-07-09 100000218718958 1
2294 2014-07-09 100006427092774 18
2295 2014-07-09 100006427092774 18
2296 2014-07-09 100006427092774 18
2297 2014-07-09 1725991635 18
2298 2014-07-09 1725991635 18
2299 2014-07-09 1017481331 20
2300 2014-07-09 1725991635 18
2301 2014-07-09 1017481331 20
2302 2014-07-09 1017481331 20
2303 2014-07-09 1017481331 20
2304 2014-07-09 100000296475393 19
2305 2014-07-09 100001871803421 18
2306 2014-07-09 100001871803421 18
2307 2014-07-09 100001871803421 18
2308 2014-07-09 100000298573633 20
2309 2014-07-09 100000282784888 2
2310 2014-07-09 100000282784888 2
2311 2014-07-09 100000282784888 2
2312 2014-07-09 100000481981003 3
2313 2014-07-09 100000210545111 18
2314 2014-07-09 100000210545111 18
2315 2014-07-09 100000210545111 18
2316 2014-07-09 100000291821795 20
2317 2014-07-09 100000291821795 20
2318 2014-07-09 100000291821795 20
2319 2014-07-09 100000602568788 12
2320 2014-07-09 100000602568788 12
2321 2014-07-09 100002066040321 6
2322 2014-07-09 100003595768154 18
2323 2014-07-09 100003595768154 18
2324 2014-07-09 100003595768154 18
2325 2014-07-09 100002066040321 6
2326 2014-07-09 100002066040321 6
2327 2014-07-09 100001428300867 7
2328 2014-07-09 100001428300867 7
2329 2014-07-09 100001428300867 7
2330 2014-07-09 1090583829 20
2331 2014-07-09 100000159971197 6
2332 2014-07-09 100000159971197 6
2333 2014-07-09 100000159971197 6
2334 2014-07-09 100000326371035 6
2335 2014-07-09 100002510489220 6
2336 2014-07-09 100002510489220 6
2337 2014-07-09 100002510489220 6
2338 2014-07-09 100000190456646 6
2339 2014-07-09 100000190456646 6
2340 2014-07-09 100000190456646 6
2341 2014-07-09 100000920949245 1
2342 2014-07-09 100000920949245 1
2343 2014-07-09 100000920949245 1
2344 2014-07-09 100000211846949 6
2345 2014-07-09 100000211846949 6
2346 2014-07-09 100000119569725 6
2347 2014-07-09 100000119569725 6
2348 2014-07-09 100000119569725 6
2349 2014-07-09 100000211846949 6
2350 2014-07-09 100002027205856 6
2351 2014-07-09 100002027205856 6
2352 2014-07-09 100002027205856 6
2353 2014-07-09 1002843923 6
2354 2014-07-09 100000113751247 6
2355 2014-07-09 100001417273797 6
2356 2014-07-09 100000131889124 18
2357 2014-07-09 100000131889124 18
2358 2014-07-09 100000131889124 18
2359 2014-07-09 100002593601999 6
2360 2014-07-09 100002593601999 6
2361 2014-07-09 100000240019904 18
2362 2014-07-09 100002593601999 6
2363 2014-07-09 100000240019904 18
2364 2014-07-09 100000240019904 18
2365 2014-07-09 100000113751247 6
2366 2014-07-09 583631819 3
2367 2014-07-09 583631819 9
2368 2014-07-09 583631819 9
2369 2014-07-09 100000375866163 6
2370 2014-07-09 100000375866163 6
2371 2014-07-09 100000375866163 6
2372 2014-07-09 100000283452866 18
2373 2014-07-09 100000283452866 18
2374 2014-07-09 100000283452866 18
2375 2014-07-09 1105515459 16
2376 2014-07-09 1105515459 16
2377 2014-07-09 1105515459 16
2378 2014-07-09 100000387362185 16
2379 2014-07-09 1057427780 1
2380 2014-07-09 100000739607358 18
2381 2014-07-09 100000739607358 18
2382 2014-07-09 100000739607358 18
2383 2014-07-09 100000247414608 20
2384 2014-07-09 100000247414608 20
2385 2014-07-09 100000247414608 20
2386 2014-07-09 100000378829429 2
2387 2014-07-09 100000180555651 18
2388 2014-07-09 100000180555651 18
2389 2014-07-09 100000180555651 18
2390 2014-07-09 100002674446411 9
2391 2014-07-09 100007146975552 18
2392 2014-07-09 100007146975552 18
2393 2014-07-09 100007146975552 18
2394 2014-07-09 100002674446411 9
2395 2014-07-09 100002674446411 9
2396 2014-07-09 100000417296479 9
2397 2014-07-09 100000417296479 9
2398 2014-07-09 100000417296479 9
2399 2014-07-09 100002130015963 18
2400 2014-07-09 100002130015963 18
2401 2014-07-09 100002130015963 18
2402 2014-07-09 100002846278589 18
2403 2014-07-09 100002846278589 18
2404 2014-07-09 100002846278589 18
2405 2014-07-09 100001801858349 18
2406 2014-07-09 100001801858349 18
2407 2014-07-09 100001801858349 18
2408 2014-07-09 100006051035585 4
2409 2014-07-09 100006051035585 4
2410 2014-07-09 100006051035585 4
2411 2014-07-09 100007045398694 9
2412 2014-07-09 100007045398694 9
2413 2014-07-09 100007045398694 9
2414 2014-07-09 100006028518005 6
2415 2014-07-09 100006028518005 6
2416 2014-07-09 100006028518005 6
2417 2014-07-09 100001979150104 18
2418 2014-07-09 100001979150104 18
2419 2014-07-09 100001979150104 6
2420 2014-07-09 1667196912 18
2421 2014-07-09 1667196912 18
2422 2014-07-09 1667196912 18
2423 2014-07-09 100005084650421 4
2424 2014-07-09 100001427483484 4
2425 2014-07-09 100001427483484 4
2426 2014-07-09 100001427483484 4
2427 2014-07-09 100000150880689 1
2428 2014-07-09 100000150880689 1
2429 2014-07-09 100000150880689 1
2430 2014-07-09 1220611736 19
2431 2014-07-09 1015840727 2
2432 2014-07-09 1015840727 6
2433 2014-07-09 1015840727 7
2434 2014-07-09 100000945309025 1
2435 2014-07-09 100000945309025 1
2436 2014-07-09 100000945309025 1
2437 2014-07-09 100000294710202 4
2438 2014-07-09 100000294710202 4
2439 2014-07-09 100000294710202 4
2440 2014-07-09 100000178807917 6
2441 2014-07-09 100000178807917 6
2442 2014-07-09 100007930235108 18
2443 2014-07-09 100000178807917 6
2444 2014-07-09 100007930235108 18
2445 2014-07-09 100007930235108 18
2446 2014-07-09 1009099571 18
2447 2014-07-09 1009099571 12
2448 2014-07-09 1009099571 15
2449 2014-07-09 100002124134917 18
2450 2014-07-09 100000344373828 4
2451 2014-07-09 100002124134917 18
2452 2014-07-09 100002124134917 18
2453 2014-07-09 1013693294 9
2454 2014-07-09 1013693294 9
2455 2014-07-09 1013693294 9
2456 2014-07-09 602356391 20
2457 2014-07-09 602356391 20
2458 2014-07-09 602356391 20
2459 2014-07-09 100000308783390 18
2460 2014-07-09 100000308783390 18
2461 2014-07-09 100000308783390 18
2462 2014-07-09 862345392 14
2463 2014-07-09 862345392 14
2464 2014-07-09 862345392 14
2465 2014-07-09 100000102221684 18
2466 2014-07-09 100000102221684 18
2467 2014-07-09 100000102221684 18
2468 2014-07-09 100001837916404 3
2469 2014-07-09 100000182085497 4
2470 2014-07-09 100000182085497 4
2471 2014-07-09 100000182085497 4
2472 2014-07-09 100005788297580 4
2473 2014-07-09 100005788297580 4
2474 2014-07-09 100005788297580 4
2475 2014-07-09 1641973486 18
2476 2014-07-09 568790145 3
2477 2014-07-09 100001884503677 16
2478 2014-07-09 100001238535855 18
2479 2014-07-09 100001238535855 18
2480 2014-07-09 100001238535855 18
2481 2014-07-09 100002572327681 1
2482 2014-07-09 100002572327681 1
2483 2014-07-09 100002572327681 1
2484 2014-07-09 100000574356963 18
2485 2014-07-09 100000574356963 18
2486 2014-07-09 100000574356963 18
2487 2014-07-09 100000368196533 12
2488 2014-07-09 100000368196533 18
2489 2014-07-09 100000368196533 3
2490 2014-07-09 100000219849201 18
2491 2014-07-09 100000219849201 18
2492 2014-07-09 100000219849201 18
2493 2014-07-09 1555153099 16
2494 2014-07-09 100000205700416 1
2495 2014-07-09 100000205700416 1
2496 2014-07-09 100000205700416 1
2497 2014-07-09 100000375965607 1
2498 2014-07-09 100000375965607 1
2499 2014-07-09 100000375965607 1
2500 2014-07-09 100000112993015 4
2501 2014-07-09 100000112993015 4
2502 2014-07-09 100000112993015 4
2503 2014-07-09 1561327264 20
2504 2014-07-09 1561327264 20
2505 2014-07-09 1561327264 20
2506 2014-07-09 100000356822771 1
2507 2014-07-09 100002888775677 1
2508 2014-07-09 100002888775677 1
2509 2014-07-09 100002888775677 1
2510 2014-07-09 100000230514693 18
2511 2014-07-09 622857866 5
2512 2014-07-09 622857866 11
2513 2014-07-09 622857866 10
2514 2014-07-09 676633099 1
2515 2014-07-09 676633099 1
2516 2014-07-09 676633099 1
2517 2014-07-09 1355839467 3
2518 2014-07-09 100000173491768 3
2519 2014-07-09 100000232536989 4
2520 2014-07-09 100000232536989 4
2521 2014-07-09 100000232536989 4
2522 2014-07-09 100000368853008 18
2523 2014-07-09 100000368853008 18
2524 2014-07-09 100000368853008 18
2525 2014-07-09 100000286704894 4
2526 2014-07-09 100000126423195 17
2527 2014-07-09 100000126423195 17
2528 2014-07-09 100000126423195 17
2529 2014-07-09 100002399724881 16
2530 2014-07-09 100002399724881 16
2531 2014-07-09 100002399724881 16
2532 2014-07-09 100001378508526 18
2533 2014-07-09 817319745 14
2534 2014-07-09 817319745 14
2535 2014-07-09 817319745 14
2536 2014-07-09 100000118564248 16
2537 2014-07-09 100000118564248 16
2538 2014-07-09 100000118564248 16
2539 2014-07-09 100000252423232 16
2540 2014-07-09 100000252423232 3
2541 2014-07-09 100003491844719 16
2542 2014-07-09 100003491844719 16
2543 2014-07-09 100003491844719 16
2544 2014-07-09 100002984900846 6
2545 2014-07-09 100002984900846 6
2546 2014-07-09 100002984900846 6
2547 2014-07-09 100000252423232 16
2548 2014-07-09 100000788040020 18
2549 2014-07-09 100000788040020 18
2550 2014-07-09 100000788040020 18
2551 2014-07-09 100003014783262 16
2552 2014-07-09 100003014783262 16
2553 2014-07-09 100003014783262 16
2554 2014-07-09 100002023885009 12
2555 2014-07-09 100002023885009 18
2556 2014-07-09 100002023885009 19
2557 2014-07-09 784715153 3
2558 2014-07-09 100000129144450 18
2559 2014-07-09 100000129144450 18
2560 2014-07-09 100000129144450 18
2561 2014-07-09 100007196502942 3
2562 2014-07-09 100000184598193 3
2563 2014-07-09 100000184598193 3
2564 2014-07-09 100000184598193 3
2565 2014-07-09 100007196502942 3
2566 2014-07-09 100007196502942 3
2567 2014-07-09 1753194276 16
2568 2014-07-09 1753194276 16
2569 2014-07-09 1753194276 16
2570 2014-07-09 100000052474345 3
2571 2014-07-09 672254309 14
2572 2014-07-09 672254309 14
2573 2014-07-09 672254309 14
2574 2014-07-09 100000123362993 3
2575 2014-07-09 100000228586238 3
2576 2014-07-09 100000228586238 3
2577 2014-07-09 100000161652586 16
2578 2014-07-09 100000228586238 3
2579 2014-07-09 100000161652586 16
2580 2014-07-09 1673765615 3
2581 2014-07-09 100000161652586 16
2582 2014-07-09 100000129920317 3
2583 2014-07-09 100000233001697 1
2584 2014-07-09 100000233001697 1
2585 2014-07-09 100000233001697 1
2586 2014-07-09 100000206059682 3
2587 2014-07-09 100000206059682 3
2588 2014-07-09 100000206059682 3
2589 2014-07-09 100000165222082 6
2590 2014-07-09 100002605980555 18
2591 2014-07-09 100000165222082 6
2592 2014-07-09 100000165222082 6
2593 2014-07-09 100002605980555 18
2594 2014-07-09 100002605980555 18
2595 2014-07-09 100000219843445 3
2596 2014-07-09 100003514846554 3
2597 2014-07-09 100003514846554 3
2598 2014-07-09 100002274696481 18
2599 2014-07-09 100002274696481 18
2600 2014-07-09 100002274696481 18
2601 2014-07-09 100000157343452 7
2602 2014-07-09 100000212640591 18
2603 2014-07-09 100000157343452 7
2604 2014-07-09 100000157343452 7
2605 2014-07-09 100000212640591 18
2606 2014-07-09 100000212640591 18
2607 2014-07-09 100000273049715 1
2608 2014-07-09 100000273049715 1
2609 2014-07-09 100000273049715 1
2610 2014-07-09 100000105942525 1
2611 2014-07-09 1673765615 3
2612 2014-07-09 1673765615 3
2613 2014-07-09 784715153 3
2614 2014-07-09 784715153 3
2615 2014-07-09 100000519212897 18
2616 2014-07-09 100000519212897 18
2617 2014-07-09 100000519212897 18
2618 2014-07-09 100000252300126 18
2619 2014-07-09 100003566092314 16
2620 2014-07-09 100003566092314 16
2621 2014-07-09 100003566092314 16
2622 2014-07-09 100000123404145 17
2623 2014-07-09 100000123404145 17
2624 2014-07-09 100000123404145 17
2625 2014-07-09 1418592843 3
2626 2014-07-09 100000181638737 17
2627 2014-07-09 100000181638737 17
2628 2014-07-09 100000181638737 17
2629 2014-07-09 100000466586468 17
2630 2014-07-09 100000466586468 17
2631 2014-07-09 100000466586468 17
2632 2014-07-09 1741591409 6
2633 2014-07-09 1741591409 6
2634 2014-07-09 1741591409 6
2635 2014-07-09 569611433 3
2636 2014-07-09 100005123945055 18
2637 2014-07-09 100005123945055 18
2638 2014-07-09 100005123945055 18
2639 2014-07-09 100001641074859 9
2640 2014-07-09 100001641074859 9
2641 2014-07-09 100001641074859 9
2642 2014-07-09 100004658436136 4
2643 2014-07-09 100004658436136 4
2644 2014-07-09 100004658436136 4
2645 2014-07-09 100000244235385 17
2646 2014-07-09 1031186384 3
2647 2014-07-09 100000001965889 8
2648 2014-07-09 100000001965889 8
2649 2014-07-09 100000001965889 8
2650 2014-07-09 100001141279102 3
2651 2014-07-09 100001680114199 18
2652 2014-07-09 100001680114199 18
2653 2014-07-09 100001074652491 1
2654 2014-07-09 100006713834181 1
2655 2014-07-09 100005745158796 3
2656 2014-07-09 100005745158796 3
2657 2014-07-09 100005745158796 3
2658 2014-07-09 100003093132580 16
2659 2014-07-09 1762609914 3
2660 2014-07-09 1762609914 3
2661 2014-07-09 100003093132580 16
2662 2014-07-09 1762609914 3
2663 2014-07-09 1762609914 3
2664 2014-07-09 100003093132580 16
2665 2014-07-09 100001024463735 3
2666 2014-07-09 100001024463735 3
2667 2014-07-09 100000276943326 18
2668 2014-07-09 100000276943326 18
2669 2014-07-09 100000276943326 18
2670 2014-07-09 100000113439788 18
2671 2014-07-09 100000113439788 18
2672 2014-07-09 100000113439788 18
2673 2014-07-09 1155401527 17
2674 2014-07-09 1155401527 17
2675 2014-07-09 1155401527 17
2676 2014-07-09 1830260990 14
2677 2014-07-09 1830260990 14
2678 2014-07-09 1830260990 14
2679 2014-07-09 100002872105237 6
2680 2014-07-09 100000121670972 6
2681 2014-07-09 100000121670972 6
2682 2014-07-09 100000121670972 6
2683 2014-07-09 100002086033542 6
2684 2014-07-09 100002086033542 6
2685 2014-07-09 100002086033542 6
2686 2014-07-09 100001587205719 16
2687 2014-07-09 100001587205719 16
2688 2014-07-09 100001587205719 16
2689 2014-07-09 100000334990561 18
2690 2014-07-09 100000334990561 18
2691 2014-07-09 100000334990561 18
2692 2014-07-09 100002341089143 6
2693 2014-07-09 100002341089143 6
2694 2014-07-09 100002341089143 6
2695 2014-07-09 100000317259031 6
2696 2014-07-09 100000317259031 6
2697 2014-07-09 100006847596997 1
2698 2014-07-09 100006958355805 1
2699 2014-07-09 100000430942672 18
2700 2014-07-09 100002466798298 6
2701 2014-07-09 100000398109520 1
2702 2014-07-09 100002714305902 18
2703 2014-07-09 100002714305902 18
2704 2014-07-09 100002714305902 18
2705 2014-07-09 100004106983076 6
2706 2014-07-09 100004106983076 6
2707 2014-07-09 100004106983076 6
2708 2014-07-09 100000291671159 6
2709 2014-07-09 100000291671159 6
2710 2014-07-09 100000291671159 6
2711 2014-07-09 100000296639228 16
2712 2014-07-09 100000296639228 16
2713 2014-07-09 100000296639228 16
2714 2014-07-09 100000105648043 6
2715 2014-07-09 100000105648043 6
2716 2014-07-09 100000705254810 6
2717 2014-07-09 100000105648043 4
2718 2014-07-09 100000705254810 6
2719 2014-07-09 100000705254810 6
2720 2014-07-09 100001498707511 16
2721 2014-07-09 100001498707511 16
2722 2014-07-09 100001498707511 16
2723 2014-07-09 100000501916131 1
2724 2014-07-09 100000501916131 1
2725 2014-07-09 100000501916131 1
2726 2014-07-09 100000592122495 16
2727 2014-07-09 100000592122495 16
2728 2014-07-09 100000592122495 16
2729 2014-07-09 1127222022 6
2730 2014-07-09 1127222022 6
2731 2014-07-09 1127222022 6
2732 2014-07-10 100000592122495 16
2733 2014-07-10 100000592122495 16
2734 2014-07-10 100000592122495 16
2735 2014-07-10 100001719084891 9
2736 2014-07-10 1716980218 20
2737 2014-07-10 100007799559346 20
2738 2014-07-10 1309103944 20
2739 2014-07-10 1716980218 20
2740 2014-07-10 100007799559346 20
2741 2014-07-10 1309103944 20
2742 2014-07-10 1716980218 20
2743 2014-07-10 100007799559346 20
2744 2014-07-10 1309103944 20
2745 2014-07-10 100000973724089 9
2746 2014-07-10 100001867846473 17
2747 2014-07-10 100002211038712 9
2748 2014-07-10 100001867846473 17
2749 2014-07-10 100001867846473 17
2750 2014-07-10 1408896231 6
2751 2014-07-10 1408896231 6
2752 2014-07-10 1408896231 6
2753 2014-07-10 100005266537357 9
2754 2014-07-10 1352651252 6
2755 2014-07-10 100002248370428 6
2756 2014-07-10 1352651252 6
2757 2014-07-10 100002603335579 9
2758 2014-07-10 100002248370428 6
2759 2014-07-10 100002248370428 6
2760 2014-07-10 854509280 16
2761 2014-07-10 854509280 16
2762 2014-07-10 854509280 16
2763 2014-07-10 100006235330461 9
2764 2014-07-10 100007158152661 1
2765 2014-07-10 100000656692288 9
2766 2014-07-10 100001338486596 6
2767 2014-07-10 100000480723608 6
2768 2014-07-10 100000133908528 6
2769 2014-07-10 100000133908528 6
2770 2014-07-10 100000133908528 6
2771 2014-07-10 100002374620834 6
2772 2014-07-10 100002374620834 6
2773 2014-07-10 100002374620834 6
2774 2014-07-10 100000147349353 4
2775 2014-07-10 100000147349353 4
2776 2014-07-10 100000147349353 4
2777 2014-07-10 100000074967446 6
2778 2014-07-10 100000074967446 6
2779 2014-07-10 100000074967446 6
2780 2014-07-10 1824271501 18
2781 2014-07-10 1824271501 18
2782 2014-07-10 1824271501 18
